1000 2000
3 1 317 1024
3 2 534 1024
4 2 521 1024
4 1 62 1024
5 1 305 1024
5 4 353 1024
6 2 363 1024
6 1 709 1024
7 2 209 1024
7 5 315 1024
8 1 46 1024
8 2 512 1024
9 3 247 1024
9 7 662 1024
10 5 337 1024
10 6 228 1024
11 3 167 1024
11 4 120 1024
12 7 462 1024
12 10 584 1024
13 12 48 1024
13 4 559 1024
14 8 417 1024
14 9 232 1024
15 13 300 1024
15 4 276 1024
16 15 345 1024
16 13 256 1024
17 7 120 1024
17 6 228 1024
18 3 302 1024
18 4 579 1024
19 16 137 1024
19 14 595 1024
20 10 130 1024
20 11 766 1024
21 17 283 1024
21 6 60 1024
22 10 156 1024
22 16 234 1024
23 1 455 1024
23 13 440 1024
24 11 479 1024
24 2 402 1024
25 19 174 1024
25 17 457 1024
26 3 289 1024
26 2 626 1024
27 19 317 1024
27 16 180 1024
28 17 184 1024
28 13 782 1024
29 24 135 1024
29 17 502 1024
30 27 410 1024
30 19 216 1024
31 12 231 1024
31 25 261 1024
32 5 566 1024
32 23 499 1024
33 1 779 1024
33 19 538 1024
34 19 392 1024
34 16 260 1024
35 25 426 1024
35 21 509 1024
36 30 255 1024
36 2 283 1024
37 36 455 1024
37 29 442 1024
38 13 295 1024
38 4 270 1024
39 19 304 1024
39 21 232 1024
40 12 103 1024
40 31 147 1024
41 16 319 1024
41 34 167 1024
42 20 147 1024
42 25 403 1024
43 11 173 1024
43 4 288 1024
44 19 509 1024
44 41 895 1024
45 1 143 1024
45 16 574 1024
46 24 132 1024
46 29 266 1024
47 15 536 1024
47 34 238 1024
48 37 656 1024
48 31 751 1024
49 23 656 1024
49 6 925 1024
50 4 298 1024
50 25 365 1024
51 29 234 1024
51 41 683 1024
52 4 263 1024
52 14 609 1024
53 49 379 1024
53 4 14 1024
54 11 535 1024
54 1 382 1024
55 4 138 1024
55 37 164 1024
56 33 408 1024
56 9 292 1024
57 47 181 1024
57 6 198 1024
58 7 67 1024
58 57 144 1024
59 44 260 1024
59 31 699 1024
60 10 82 1024
60 58 160 1024
61 40 325 1024
61 52 86 1024
62 14 382 1024
62 46 185 1024
63 5 192 1024
63 22 159 1024
64 32 521 1024
64 43 374 1024
65 18 486 1024
65 63 427 1024
66 57 116 1024
66 10 126 1024
67 18 24 1024
67 8 655 1024
68 48 885 1024
68 55 145 1024
69 35 614 1024
69 65 97 1024
70 69 225 1024
70 8 31 1024
71 64 659 1024
71 39 259 1024
72 69 88 1024
72 8 253 1024
73 44 518 1024
73 2 249 1024
74 57 531 1024
74 12 80 1024
75 19 281 1024
75 38 521 1024
76 31 480 1024
76 56 243 1024
77 72 619 1024
77 39 234 1024
78 25 141 1024
78 69 123 1024
79 10 29 1024
79 51 502 1024
80 46 656 1024
80 75 391 1024
81 23 266 1024
81 41 429 1024
82 30 86 1024
82 72 510 1024
83 3 591 1024
83 5 432 1024
84 49 191 1024
84 55 205 1024
85 63 386 1024
85 5 325 1024
86 24 195 1024
86 18 47 1024
87 39 676 1024
87 75 433 1024
88 76 343 1024
88 86 773 1024
89 80 391 1024
89 25 388 1024
90 81 240 1024
90 66 266 1024
91 65 378 1024
91 58 150 1024
92 73 113 1024
92 33 382 1024
93 91 287 1024
93 9 513 1024
94 19 508 1024
94 42 321 1024
95 60 753 1024
95 16 506 1024
96 31 10 1024
96 78 346 1024
97 37 334 1024
97 1 345 1024
98 40 159 1024
98 3 904 1024
99 35 245 1024
99 82 438 1024
100 44 488 1024
100 75 472 1024
101 61 41 1024
101 38 168 1024
102 36 398 1024
102 32 120 1024
103 18 130 1024
103 26 161 1024
104 36 107 1024
104 84 360 1024
105 87 398 1024
105 33 277 1024
106 86 75 1024
106 69 419 1024
107 23 396 1024
107 5 308 1024
108 20 779 1024
108 63 550 1024
109 26 735 1024
109 104 207 1024
110 82 145 1024
110 44 422 1024
111 8 930 1024
111 96 808 1024
112 38 132 1024
112 61 257 1024
113 43 171 1024
113 88 782 1024
114 62 870 1024
114 68 28 1024
115 85 120 1024
115 29 135 1024
116 73 210 1024
116 62 190 1024
117 91 133 1024
117 33 266 1024
118 33 78 1024
118 63 292 1024
119 69 569 1024
119 117 55 1024
120 41 70 1024
120 60 162 1024
121 73 209 1024
121 23 355 1024
122 29 182 1024
122 72 182 1024
123 38 162 1024
123 16 347 1024
124 92 632 1024
124 59 305 1024
125 63 125 1024
125 105 211 1024
126 81 282 1024
126 76 264 1024
127 66 164 1024
127 104 338 1024
128 17 369 1024
128 94 104 1024
129 72 396 1024
129 17 935 1024
130 19 718 1024
130 39 967 1024
131 30 530 1024
131 99 495 1024
132 43 437 1024
132 64 195 1024
133 121 327 1024
133 73 372 1024
134 63 115 1024
134 14 545 1024
135 55 136 1024
135 9 502 1024
136 132 482 1024
136 19 484 1024
137 93 441 1024
137 91 155 1024
138 99 273 1024
138 101 635 1024
139 134 500 1024
139 90 393 1024
140 42 174 1024
140 83 434 1024
141 124 151 1024
141 3 334 1024
142 100 164 1024
142 38 186 1024
143 88 269 1024
143 51 208 1024
144 125 550 1024
144 60 484 1024
145 120 407 1024
145 111 334 1024
146 97 957 1024
146 89 209 1024
147 24 276 1024
147 122 300 1024
148 91 438 1024
148 19 386 1024
149 30 470 1024
149 141 94 1024
150 135 150 1024
150 84 100 1024
151 15 421 1024
151 124 199 1024
152 19 316 1024
152 138 222 1024
153 118 258 1024
153 76 387 1024
154 133 446 1024
154 48 148 1024
155 73 227 1024
155 62 622 1024
156 9 423 1024
156 106 403 1024
157 15 312 1024
157 148 658 1024
158 95 147 1024
158 83 618 1024
159 124 118 1024
159 135 250 1024
160 110 379 1024
160 8 444 1024
161 22 288 1024
161 115 532 1024
162 26 470 1024
162 4 113 1024
163 157 541 1024
163 4 31 1024
164 122 174 1024
164 51 218 1024
165 57 766 1024
165 64 484 1024
166 39 174 1024
166 138 238 1024
167 19 344 1024
167 3 481 1024
168 14 643 1024
168 27 303 1024
169 2 125 1024
169 29 397 1024
170 58 692 1024
170 80 262 1024
171 49 401 1024
171 159 194 1024
172 68 494 1024
172 26 244 1024
173 84 506 1024
173 76 211 1024
174 114 215 1024
174 150 25 1024
175 102 244 1024
175 38 106 1024
176 135 647 1024
176 167 572 1024
177 34 384 1024
177 73 510 1024
178 32 246 1024
178 112 385 1024
179 138 538 1024
179 44 914 1024
180 122 50 1024
180 8 471 1024
181 144 110 1024
181 18 394 1024
182 126 92 1024
182 47 268 1024
183 57 392 1024
183 69 392 1024
184 118 518 1024
184 83 530 1024
185 53 258 1024
185 61 328 1024
186 184 94 1024
186 134 248 1024
187 186 509 1024
187 90 151 1024
188 40 168 1024
188 60 491 1024
189 39 165 1024
189 138 239 1024
190 174 43 1024
190 45 99 1024
191 100 849 1024
191 182 582 1024
192 45 115 1024
192 19 334 1024
193 8 657 1024
193 38 476 1024
194 88 173 1024
194 101 1087 1024
195 155 376 1024
195 142 838 1024
196 187 843 1024
196 101 258 1024
197 76 525 1024
197 148 147 1024
198 25 195 1024
198 32 477 1024
199 101 268 1024
199 137 171 1024
200 120 251 1024
200 127 73 1024
201 154 26 1024
201 140 550 1024
202 75 165 1024
202 199 341 1024
203 60 322 1024
203 5 384 1024
204 103 252 1024
204 56 187 1024
205 65 357 1024
205 199 263 1024
206 37 710 1024
206 58 211 1024
207 90 327 1024
207 167 364 1024
208 138 161 1024
208 115 599 1024
209 107 404 1024
209 8 261 1024
210 22 178 1024
210 105 130 1024
211 7 191 1024
211 117 148 1024
212 157 148 1024
212 52 221 1024
213 144 28 1024
213 116 140 1024
214 189 72 1024
214 196 376 1024
215 123 15 1024
215 35 128 1024
216 114 543 1024
216 29 153 1024
217 170 529 1024
217 93 242 1024
218 126 529 1024
218 140 646 1024
219 157 1127 1024
219 86 128 1024
220 7 111 1024
220 75 126 1024
221 86 586 1024
221 2 47 1024
222 29 7 1024
222 63 435 1024
223 167 129 1024
223 85 73 1024
224 59 742 1024
224 2 169 1024
225 37 303 1024
225 124 205 1024
226 137 259 1024
226 160 254 1024
227 43 213 1024
227 125 626 1024
228 175 408 1024
228 100 243 1024
229 182 183 1024
229 167 97 1024
230 34 107 1024
230 203 543 1024
231 20 270 1024
231 173 117 1024
232 79 684 1024
232 101 126 1024
233 102 907 1024
233 182 165 1024
234 151 115 1024
234 232 367 1024
235 154 452 1024
235 47 263 1024
236 170 255 1024
236 72 117 1024
237 199 81 1024
237 8 199 1024
238 3 350 1024
238 103 666 1024
239 33 67 1024
239 224 210 1024
240 41 191 1024
240 58 313 1024
241 78 662 1024
241 76 177 1024
242 188 191 1024
242 157 82 1024
243 33 523 1024
243 201 797 1024
244 5 381 1024
244 177 126 1024
245 11 452 1024
245 106 82 1024
246 168 264 1024
246 190 319 1024
247 41 225 1024
247 125 29 1024
248 93 438 1024
248 51 461 1024
249 230 289 1024
249 189 88 1024
250 163 214 1024
250 70 256 1024
251 65 407 1024
251 171 650 1024
252 51 162 1024
252 60 380 1024
253 107 374 1024
253 102 663 1024
254 83 279 1024
254 168 430 1024
255 237 95 1024
255 95 178 1024
256 52 541 1024
256 89 338 1024
257 133 285 1024
257 36 128 1024
258 195 413 1024
258 168 197 1024
259 65 311 1024
259 206 175 1024
260 242 549 1024
260 213 639 1024
261 208 105 1024
261 105 222 1024
262 129 93 1024
262 145 838 1024
263 262 886 1024
263 20 572 1024
264 156 338 1024
264 173 255 1024
265 164 538 1024
265 35 318 1024
266 241 672 1024
266 77 234 1024
267 260 290 1024
267 215 607 1024
268 210 308 1024
268 166 214 1024
269 190 711 1024
269 179 346 1024
270 261 583 1024
270 140 773 1024
271 60 815 1024
271 95 122 1024
272 61 207 1024
272 112 171 1024
273 7 532 1024
273 28 439 1024
274 259 228 1024
274 257 372 1024
275 56 322 1024
275 63 297 1024
276 62 129 1024
276 115 202 1024
277 165 490 1024
277 142 358 1024
278 27 514 1024
278 84 379 1024
279 202 115 1024
279 20 255 1024
280 187 696 1024
280 74 98 1024
281 157 425 1024
281 188 260 1024
282 206 494 1024
282 9 184 1024
283 60 729 1024
283 256 47 1024
284 247 178 1024
284 66 510 1024
285 28 316 1024
285 284 519 1024
286 108 582 1024
286 59 174 1024
287 258 419 1024
287 35 138 1024
288 230 309 1024
288 156 338 1024
289 158 164 1024
289 156 813 1024
290 108 689 1024
290 279 75 1024
291 19 122 1024
291 146 285 1024
292 166 415 1024
292 32 450 1024
293 135 598 1024
293 71 161 1024
294 244 84 1024
294 176 353 1024
295 294 282 1024
295 16 265 1024
296 66 190 1024
296 60 205 1024
297 243 533 1024
297 27 495 1024
298 64 145 1024
298 253 250 1024
299 175 285 1024
299 97 101 1024
300 212 658 1024
300 245 350 1024
301 15 108 1024
301 232 117 1024
302 62 13 1024
302 67 108 1024
303 39 607 1024
303 206 326 1024
304 143 417 1024
304 140 163 1024
305 58 73 1024
305 221 146 1024
306 147 280 1024
306 5 423 1024
307 165 251 1024
307 69 94 1024
308 12 722 1024
308 243 497 1024
309 20 790 1024
309 138 663 1024
310 138 315 1024
310 242 149 1024
311 123 398 1024
311 14 375 1024
312 254 266 1024
312 154 154 1024
313 169 153 1024
313 258 56 1024
314 304 218 1024
314 311 320 1024
315 72 271 1024
315 24 631 1024
316 49 520 1024
316 238 92 1024
317 267 240 1024
317 292 140 1024
318 135 223 1024
318 172 141 1024
319 91 139 1024
319 113 529 1024
320 72 299 1024
320 263 342 1024
321 92 342 1024
321 303 40 1024
322 25 161 1024
322 170 152 1024
323 170 672 1024
323 244 628 1024
324 230 129 1024
324 28 301 1024
325 321 637 1024
325 288 135 1024
326 290 252 1024
326 199 149 1024
327 165 292 1024
327 43 293 1024
328 131 487 1024
328 257 294 1024
329 245 51 1024
329 56 264 1024
330 266 470 1024
330 248 152 1024
331 23 174 1024
331 291 184 1024
332 72 398 1024
332 301 776 1024
333 138 232 1024
333 6 414 1024
334 316 816 1024
334 28 184 1024
335 247 102 1024
335 133 204 1024
336 232 454 1024
336 164 338 1024
337 331 459 1024
337 99 53 1024
338 285 434 1024
338 320 648 1024
339 109 232 1024
339 323 784 1024
340 275 145 1024
340 229 323 1024
341 115 171 1024
341 3 383 1024
342 1 297 1024
342 109 485 1024
343 87 299 1024
343 76 115 1024
344 299 224 1024
344 268 431 1024
345 138 361 1024
345 331 207 1024
346 320 215 1024
346 129 518 1024
347 322 345 1024
347 300 397 1024
348 212 114 1024
348 74 171 1024
349 26 582 1024
349 78 582 1024
350 228 330 1024
350 123 47 1024
351 273 254 1024
351 117 464 1024
352 350 39 1024
352 196 114 1024
353 79 187 1024
353 343 259 1024
354 240 127 1024
354 331 336 1024
355 347 930 1024
355 127 43 1024
356 36 150 1024
356 211 178 1024
357 336 500 1024
357 238 383 1024
358 34 376 1024
358 249 578 1024
359 272 149 1024
359 125 283 1024
360 232 735 1024
360 10 650 1024
361 315 545 1024
361 288 663 1024
362 353 370 1024
362 342 598 1024
363 111 103 1024
363 241 237 1024
364 282 131 1024
364 357 257 1024
365 229 99 1024
365 79 134 1024
366 146 198 1024
366 332 757 1024
367 71 357 1024
367 324 464 1024
368 353 510 1024
368 124 502 1024
369 344 520 1024
369 125 605 1024
370 106 299 1024
370 362 297 1024
371 293 139 1024
371 222 710 1024
372 284 784 1024
372 329 163 1024
373 91 695 1024
373 168 833 1024
374 124 229 1024
374 174 213 1024
375 22 144 1024
375 232 704 1024
376 181 327 1024
376 58 368 1024
377 84 183 1024
377 237 476 1024
378 372 206 1024
378 44 408 1024
379 34 287 1024
379 214 300 1024
380 303 229 1024
380 276 433 1024
381 178 236 1024
381 238 498 1024
382 271 461 1024
382 304 640 1024
383 232 632 1024
383 340 522 1024
384 289 151 1024
384 122 469 1024
385 294 24 1024
385 93 310 1024
386 359 337 1024
386 133 208 1024
387 117 184 1024
387 375 121 1024
388 370 170 1024
388 142 557 1024
389 76 138 1024
389 369 528 1024
390 247 472 1024
390 145 57 1024
391 52 106 1024
391 226 436 1024
392 53 568 1024
392 342 453 1024
393 251 189 1024
393 388 307 1024
394 263 311 1024
394 319 106 1024
395 298 152 1024
395 248 49 1024
396 317 392 1024
396 380 208 1024
397 182 177 1024
397 200 296 1024
398 276 341 1024
398 9 252 1024
399 199 338 1024
399 137 372 1024
400 210 301 1024
400 341 801 1024
401 300 472 1024
401 322 382 1024
402 138 744 1024
402 360 166 1024
403 71 370 1024
403 120 208 1024
404 257 138 1024
404 270 397 1024
405 221 221 1024
405 344 707 1024
406 125 436 1024
406 54 216 1024
407 387 277 1024
407 314 195 1024
408 363 566 1024
408 232 484 1024
409 75 464 1024
409 353 252 1024
410 175 90 1024
410 3 499 1024
411 139 423 1024
411 201 249 1024
412 44 162 1024
412 318 297 1024
413 50 253 1024
413 40 340 1024
414 384 58 1024
414 311 153 1024
415 281 108 1024
415 63 204 1024
416 247 387 1024
416 314 469 1024
417 196 444 1024
417 224 502 1024
418 155 260 1024
418 164 207 1024
419 231 98 1024
419 223 240 1024
420 136 166 1024
420 270 202 1024
421 303 285 1024
421 25 355 1024
422 224 252 1024
422 126 60 1024
423 262 594 1024
423 337 125 1024
424 77 123 1024
424 166 63 1024
425 227 80 1024
425 192 185 1024
426 241 127 1024
426 235 133 1024
427 142 358 1024
427 30 424 1024
428 335 103 1024
428 111 488 1024
429 325 30 1024
429 312 651 1024
430 331 387 1024
430 377 309 1024
431 402 215 1024
431 49 123 1024
432 222 309 1024
432 228 426 1024
433 231 101 1024
433 256 620 1024
434 146 446 1024
434 256 126 1024
435 93 285 1024
435 235 369 1024
436 138 324 1024
436 294 278 1024
437 257 151 1024
437 175 376 1024
438 42 271 1024
438 301 481 1024
439 140 319 1024
439 349 254 1024
440 265 454 1024
440 25 458 1024
441 248 229 1024
441 408 166 1024
442 362 488 1024
442 25 359 1024
443 223 480 1024
443 28 133 1024
444 220 575 1024
444 408 370 1024
445 383 330 1024
445 76 589 1024
446 37 386 1024
446 367 826 1024
447 156 208 1024
447 154 441 1024
448 284 127 1024
448 89 174 1024
449 282 429 1024
449 154 191 1024
450 151 206 1024
450 335 762 1024
451 74 554 1024
451 435 777 1024
452 310 127 1024
452 383 262 1024
453 252 116 1024
453 321 187 1024
454 370 264 1024
454 268 321 1024
455 382 145 1024
455 191 75 1024
456 270 121 1024
456 247 435 1024
457 425 862 1024
457 398 677 1024
458 59 618 1024
458 385 291 1024
459 338 271 1024
459 58 429 1024
460 128 63 1024
460 419 359 1024
461 217 303 1024
461 5 202 1024
462 76 285 1024
462 319 272 1024
463 183 466 1024
463 446 171 1024
464 204 127 1024
464 91 594 1024
465 338 379 1024
465 169 377 1024
466 142 60 1024
466 204 813 1024
467 116 21 1024
467 246 711 1024
468 405 717 1024
468 197 56 1024
469 182 599 1024
469 319 503 1024
470 417 162 1024
470 193 466 1024
471 353 505 1024
471 348 193 1024
472 450 181 1024
472 188 595 1024
473 318 262 1024
473 22 496 1024
474 269 332 1024
474 255 203 1024
475 289 37 1024
475 132 191 1024
476 350 592 1024
476 258 167 1024
477 365 196 1024
477 408 77 1024
478 118 555 1024
478 368 426 1024
479 124 200 1024
479 77 605 1024
480 395 232 1024
480 79 284 1024
481 260 251 1024
481 9 461 1024
482 348 105 1024
482 420 555 1024
483 404 455 1024
483 245 185 1024
484 130 99 1024
484 219 199 1024
485 441 121 1024
485 232 656 1024
486 33 49 1024
486 476 202 1024
487 166 626 1024
487 430 50 1024
488 351 186 1024
488 245 413 1024
489 461 59 1024
489 323 552 1024
490 465 386 1024
490 271 101 1024
491 247 480 1024
491 246 941 1024
492 477 357 1024
492 116 13 1024
493 231 487 1024
493 165 54 1024
494 154 550 1024
494 356 312 1024
495 172 422 1024
495 72 301 1024
496 28 56 1024
496 153 214 1024
497 30 553 1024
497 210 764 1024
498 197 157 1024
498 198 537 1024
499 5 380 1024
499 300 79 1024
500 433 644 1024
500 475 134 1024
501 34 251 1024
501 287 148 1024
502 110 480 1024
502 480 312 1024
503 293 756 1024
503 188 637 1024
504 449 136 1024
504 467 341 1024
505 190 883 1024
505 471 197 1024
506 257 282 1024
506 60 764 1024
507 38 594 1024
507 458 279 1024
508 370 363 1024
508 122 188 1024
509 344 113 1024
509 129 172 1024
510 126 144 1024
510 120 357 1024
511 77 144 1024
511 81 759 1024
512 4 217 1024
512 142 559 1024
513 228 249 1024
513 55 801 1024
514 194 168 1024
514 92 348 1024
515 137 275 1024
515 3 420 1024
516 303 515 1024
516 85 808 1024
517 198 639 1024
517 392 321 1024
518 280 265 1024
518 77 441 1024
519 292 547 1024
519 276 254 1024
520 512 72 1024
520 158 304 1024
521 162 117 1024
521 80 366 1024
522 382 136 1024
522 263 317 1024
523 311 273 1024
523 324 323 1024
524 228 323 1024
524 266 65 1024
525 503 130 1024
525 319 793 1024
526 473 344 1024
526 67 147 1024
527 384 475 1024
527 485 727 1024
528 9 410 1024
528 517 506 1024
529 453 79 1024
529 388 189 1024
530 380 582 1024
530 240 361 1024
531 152 216 1024
531 296 626 1024
532 96 484 1024
532 6 652 1024
533 461 281 1024
533 457 369 1024
534 338 538 1024
534 508 221 1024
535 514 302 1024
535 275 245 1024
536 230 359 1024
536 343 55 1024
537 160 333 1024
537 330 203 1024
538 435 710 1024
538 110 224 1024
539 466 256 1024
539 70 84 1024
540 203 317 1024
540 226 650 1024
541 432 107 1024
541 264 123 1024
542 234 384 1024
542 387 502 1024
543 432 320 1024
543 221 390 1024
544 241 422 1024
544 95 677 1024
545 236 313 1024
545 163 24 1024
546 513 186 1024
546 283 47 1024
547 232 689 1024
547 353 391 1024
548 466 277 1024
548 152 190 1024
549 186 128 1024
549 501 373 1024
550 544 90 1024
550 295 136 1024
551 19 290 1024
551 506 531 1024
552 498 189 1024
552 163 298 1024
553 473 340 1024
553 311 92 1024
554 94 598 1024
554 399 395 1024
555 60 201 1024
555 131 91 1024
556 108 249 1024
556 530 225 1024
557 146 172 1024
557 314 258 1024
558 29 328 1024
558 255 229 1024
559 523 119 1024
559 433 18 1024
560 91 637 1024
560 148 199 1024
561 456 318 1024
561 333 285 1024
562 480 114 1024
562 230 188 1024
563 16 396 1024
563 562 408 1024
564 128 214 1024
564 179 131 1024
565 465 943 1024
565 336 592 1024
566 459 343 1024
566 202 271 1024
567 370 181 1024
567 92 23 1024
568 481 484 1024
568 107 654 1024
569 222 293 1024
569 9 271 1024
570 523 471 1024
570 132 213 1024
571 377 196 1024
571 560 410 1024
572 280 262 1024
572 152 224 1024
573 528 328 1024
573 441 299 1024
574 463 844 1024
574 436 536 1024
575 395 27 1024
575 199 258 1024
576 371 164 1024
576 345 474 1024
577 508 396 1024
577 116 453 1024
578 217 69 1024
578 431 283 1024
579 471 507 1024
579 224 419 1024
580 531 281 1024
580 269 467 1024
581 59 377 1024
581 217 322 1024
582 398 602 1024
582 496 209 1024
583 95 85 1024
583 255 251 1024
584 137 275 1024
584 224 148 1024
585 568 462 1024
585 317 388 1024
586 558 166 1024
586 346 84 1024
587 28 240 1024
587 508 963 1024
588 260 373 1024
588 173 96 1024
589 365 346 1024
589 501 513 1024
590 346 356 1024
590 508 133 1024
591 552 269 1024
591 357 175 1024
592 385 461 1024
592 335 560 1024
593 194 728 1024
593 47 379 1024
594 198 623 1024
594 192 578 1024
595 414 203 1024
595 225 152 1024
596 580 537 1024
596 309 690 1024
597 247 232 1024
597 134 440 1024
598 404 316 1024
598 437 164 1024
599 580 353 1024
599 430 147 1024
600 545 713 1024
600 124 609 1024
601 152 343 1024
601 232 172 1024
602 432 461 1024
602 220 177 1024
603 242 442 1024
603 350 173 1024
604 592 268 1024
604 306 541 1024
605 436 517 1024
605 497 299 1024
606 361 472 1024
606 603 223 1024
607 33 43 1024
607 447 194 1024
608 166 576 1024
608 184 326 1024
609 439 138 1024
609 471 469 1024
610 542 176 1024
610 419 260 1024
611 348 225 1024
611 381 91 1024
612 399 24 1024
612 55 733 1024
613 505 56 1024
613 326 303 1024
614 371 227 1024
614 15 118 1024
615 362 126 1024
615 203 166 1024
616 462 39 1024
616 305 235 1024
617 356 382 1024
617 22 148 1024
618 578 324 1024
618 386 214 1024
619 478 484 1024
619 570 210 1024
620 511 380 1024
620 95 248 1024
621 448 201 1024
621 440 209 1024
622 593 507 1024
622 580 209 1024
623 49 30 1024
623 585 335 1024
624 549 521 1024
624 417 374 1024
625 225 697 1024
625 184 544 1024
626 607 483 1024
626 474 216 1024
627 624 181 1024
627 499 357 1024
628 212 638 1024
628 150 160 1024
629 411 330 1024
629 105 357 1024
630 428 620 1024
630 527 262 1024
631 443 317 1024
631 28 265 1024
632 291 402 1024
632 202 500 1024
633 564 839 1024
633 414 457 1024
634 602 851 1024
634 327 425 1024
635 516 622 1024
635 181 294 1024
636 217 403 1024
636 60 39 1024
637 518 407 1024
637 422 493 1024
638 561 156 1024
638 31 272 1024
639 5 87 1024
639 142 571 1024
640 370 212 1024
640 534 308 1024
641 287 215 1024
641 61 255 1024
642 542 27 1024
642 223 290 1024
643 200 205 1024
643 517 403 1024
644 631 400 1024
644 621 338 1024
645 625 568 1024
645 339 328 1024
646 225 49 1024
646 503 254 1024
647 422 144 1024
647 426 35 1024
648 457 157 1024
648 22 195 1024
649 514 1026 1024
649 1 239 1024
650 397 346 1024
650 139 113 1024
651 556 157 1024
651 356 102 1024
652 409 146 1024
652 355 232 1024
653 458 75 1024
653 159 609 1024
654 440 534 1024
654 346 134 1024
655 158 169 1024
655 109 568 1024
656 650 903 1024
656 178 134 1024
657 136 402 1024
657 83 302 1024
658 138 118 1024
658 438 192 1024
659 564 188 1024
659 387 369 1024
660 217 252 1024
660 263 72 1024
661 235 230 1024
661 138 320 1024
662 642 193 1024
662 413 361 1024
663 352 72 1024
663 333 204 1024
664 514 212 1024
664 138 361 1024
665 269 48 1024
665 517 209 1024
666 312 299 1024
666 430 642 1024
667 370 176 1024
667 254 114 1024
668 247 623 1024
668 473 451 1024
669 198 143 1024
669 520 292 1024
670 489 675 1024
670 107 736 1024
671 542 348 1024
671 551 340 1024
672 237 211 1024
672 79 506 1024
673 578 342 1024
673 69 463 1024
674 67 637 1024
674 503 120 1024
675 649 93 1024
675 31 570 1024
676 369 180 1024
676 526 16 1024
677 379 576 1024
677 115 213 1024
678 501 943 1024
678 57 554 1024
679 41 421 1024
679 557 191 1024
680 635 205 1024
680 589 193 1024
681 307 160 1024
681 500 550 1024
682 466 417 1024
682 281 743 1024
683 593 136 1024
683 39 115 1024
684 638 215 1024
684 596 412 1024
685 244 502 1024
685 50 336 1024
686 55 803 1024
686 590 240 1024
687 582 364 1024
687 631 231 1024
688 580 343 1024
688 544 279 1024
689 414 619 1024
689 230 919 1024
690 226 374 1024
690 644 855 1024
691 634 49 1024
691 103 72 1024
692 329 189 1024
692 665 403 1024
693 595 121 1024
693 38 177 1024
694 173 284 1024
694 663 509 1024
695 22 260 1024
695 469 439 1024
696 16 278 1024
696 433 59 1024
697 666 329 1024
697 423 493 1024
698 192 110 1024
698 228 417 1024
699 251 106 1024
699 539 515 1024
700 496 53 1024
700 607 128 1024
701 451 511 1024
701 692 141 1024
702 392 13 1024
702 502 299 1024
703 539 425 1024
703 62 504 1024
704 106 427 1024
704 275 247 1024
705 351 518 1024
705 19 441 1024
706 518 403 1024
706 177 136 1024
707 155 456 1024
707 668 150 1024
708 601 265 1024
708 123 6 1024
709 303 546 1024
709 25 615 1024
710 240 478 1024
710 29 426 1024
711 636 125 1024
711 166 511 1024
712 556 487 1024
712 541 459 1024
713 103 52 1024
713 512 770 1024
714 117 443 1024
714 259 362 1024
715 537 729 1024
715 269 301 1024
716 111 161 1024
716 33 44 1024
717 271 528 1024
717 571 212 1024
718 7 738 1024
718 70 511 1024
719 580 536 1024
719 122 179 1024
720 26 282 1024
720 139 49 1024
721 421 288 1024
721 492 139 1024
722 595 777 1024
722 590 183 1024
723 679 85 1024
723 386 233 1024
724 723 505 1024
724 618 258 1024
725 358 63 1024
725 295 390 1024
726 79 422 1024
726 390 709 1024
727 223 645 1024
727 109 320 1024
728 146 70 1024
728 196 535 1024
729 635 549 1024
729 154 449 1024
730 6 442 1024
730 684 386 1024
731 544 783 1024
731 632 287 1024
732 437 377 1024
732 30 329 1024
733 526 112 1024
733 273 324 1024
734 80 186 1024
734 226 522 1024
735 717 44 1024
735 307 483 1024
736 293 166 1024
736 599 790 1024
737 454 184 1024
737 236 339 1024
738 613 547 1024
738 367 361 1024
739 558 565 1024
739 325 561 1024
740 504 203 1024
740 542 204 1024
741 727 475 1024
741 95 244 1024
742 498 84 1024
742 241 691 1024
743 380 113 1024
743 26 314 1024
744 152 908 1024
744 418 280 1024
745 291 175 1024
745 28 747 1024
746 408 393 1024
746 83 43 1024
747 245 228 1024
747 494 718 1024
748 607 219 1024
748 297 198 1024
749 402 260 1024
749 522 520 1024
750 337 686 1024
750 637 110 1024
751 522 192 1024
751 750 414 1024
752 571 243 1024
752 76 341 1024
753 80 163 1024
753 141 543 1024
754 98 368 1024
754 162 429 1024
755 651 715 1024
755 351 31 1024
756 29 290 1024
756 483 54 1024
757 539 268 1024
757 108 114 1024
758 368 246 1024
758 223 163 1024
759 429 297 1024
759 725 258 1024
760 385 261 1024
760 144 377 1024
761 325 390 1024
761 544 285 1024
762 192 771 1024
762 669 634 1024
763 331 341 1024
763 455 526 1024
764 692 658 1024
764 54 56 1024
765 405 72 1024
765 387 283 1024
766 36 199 1024
766 635 176 1024
767 195 80 1024
767 396 646 1024
768 606 124 1024
768 764 327 1024
769 619 148 1024
769 257 531 1024
770 105 43 1024
770 452 414 1024
771 270 235 1024
771 468 192 1024
772 626 148 1024
772 376 471 1024
773 653 101 1024
773 481 94 1024
774 122 175 1024
774 165 143 1024
775 132 541 1024
775 190 312 1024
776 374 66 1024
776 198 198 1024
777 197 575 1024
777 560 751 1024
778 299 487 1024
778 367 110 1024
779 26 347 1024
779 761 354 1024
780 601 316 1024
780 292 128 1024
781 82 51 1024
781 31 135 1024
782 740 465 1024
782 410 88 1024
783 761 222 1024
783 728 520 1024
784 442 176 1024
784 32 211 1024
785 133 503 1024
785 609 322 1024
786 557 224 1024
786 781 313 1024
787 414 711 1024
787 42 319 1024
788 703 351 1024
788 449 434 1024
789 659 169 1024
789 60 105 1024
790 407 162 1024
790 709 226 1024
791 704 773 1024
791 225 97 1024
792 110 276 1024
792 102 103 1024
793 129 60 1024
793 209 223 1024
794 98 746 1024
794 669 357 1024
795 558 334 1024
795 19 292 1024
796 44 396 1024
796 328 658 1024
797 598 44 1024
797 72 290 1024
798 776 817 1024
798 76 184 1024
799 798 46 1024
799 669 575 1024
800 503 273 1024
800 515 190 1024
801 216 242 1024
801 343 587 1024
802 316 197 1024
802 611 688 1024
803 569 143 1024
803 276 433 1024
804 749 642 1024
804 442 641 1024
805 676 316 1024
805 239 440 1024
806 92 778 1024
806 556 170 1024
807 477 356 1024
807 502 364 1024
808 798 719 1024
808 255 480 1024
809 312 402 1024
809 268 315 1024
810 166 116 1024
810 261 208 1024
811 264 214 1024
811 602 425 1024
812 740 297 1024
812 322 392 1024
813 267 37 1024
813 186 529 1024
814 552 96 1024
814 388 144 1024
815 412 427 1024
815 532 213 1024
816 506 326 1024
816 502 74 1024
817 799 253 1024
817 110 1026 1024
818 359 77 1024
818 124 420 1024
819 154 131 1024
819 181 268 1024
820 56 94 1024
820 453 227 1024
821 475 375 1024
821 254 663 1024
822 35 48 1024
822 781 156 1024
823 690 136 1024
823 593 304 1024
824 721 473 1024
824 121 542 1024
825 370 632 1024
825 823 469 1024
826 707 446 1024
826 728 378 1024
827 522 20 1024
827 9 203 1024
828 42 484 1024
828 533 181 1024
829 277 146 1024
829 61 251 1024
830 154 382 1024
830 826 525 1024
831 349 261 1024
831 772 491 1024
832 388 248 1024
832 402 220 1024
833 148 366 1024
833 333 283 1024
834 76 70 1024
834 313 175 1024
835 138 640 1024
835 247 513 1024
836 608 214 1024
836 260 175 1024
837 29 122 1024
837 405 658 1024
838 711 287 1024
838 643 289 1024
839 814 300 1024
839 56 87 1024
840 485 226 1024
840 164 239 1024
841 639 664 1024
841 110 511 1024
842 808 656 1024
842 663 488 1024
843 721 166 1024
843 584 493 1024
844 225 270 1024
844 102 616 1024
845 436 193 1024
845 441 99 1024
846 412 173 1024
846 558 140 1024
847 140 211 1024
847 239 100 1024
848 178 304 1024
848 318 700 1024
849 836 863 1024
849 426 725 1024
850 833 235 1024
850 379 187 1024
851 484 239 1024
851 249 994 1024
852 126 91 1024
852 488 308 1024
853 692 363 1024
853 144 340 1024
854 421 270 1024
854 579 516 1024
855 605 223 1024
855 628 82 1024
856 203 120 1024
856 669 469 1024
857 689 174 1024
857 29 237 1024
858 335 700 1024
858 855 400 1024
859 535 317 1024
859 753 333 1024
860 343 208 1024
860 772 113 1024
861 820 91 1024
861 246 844 1024
862 599 194 1024
862 672 662 1024
863 590 136 1024
863 571 142 1024
864 164 401 1024
864 791 217 1024
865 330 587 1024
865 635 221 1024
866 828 361 1024
866 833 324 1024
867 239 118 1024
867 17 341 1024
868 284 324 1024
868 544 185 1024
869 492 294 1024
869 323 269 1024
870 474 267 1024
870 715 207 1024
871 828 239 1024
871 390 590 1024
872 99 516 1024
872 392 382 1024
873 392 205 1024
873 716 179 1024
874 594 732 1024
874 202 397 1024
875 306 254 1024
875 122 91 1024
876 573 146 1024
876 166 765 1024
877 142 536 1024
877 523 117 1024
878 15 156 1024
878 512 248 1024
879 475 222 1024
879 122 161 1024
880 744 258 1024
880 510 944 1024
881 777 208 1024
881 824 276 1024
882 488 218 1024
882 311 334 1024
883 183 502 1024
883 673 822 1024
884 414 336 1024
884 181 509 1024
885 268 490 1024
885 742 573 1024
886 834 266 1024
886 244 161 1024
887 528 411 1024
887 730 373 1024
888 25 614 1024
888 550 317 1024
889 28 276 1024
889 262 1019 1024
890 528 448 1024
890 432 464 1024
891 844 167 1024
891 11 119 1024
892 781 358 1024
892 620 413 1024
893 652 434 1024
893 157 457 1024
894 417 69 1024
894 721 487 1024
895 425 47 1024
895 774 539 1024
896 800 1024 1024
896 339 570 1024
897 488 687 1024
897 695 522 1024
898 419 538 1024
898 621 605 1024
899 754 524 1024
899 736 215 1024
900 155 230 1024
900 791 667 1024
901 823 809 1024
901 740 317 1024
902 201 555 1024
902 588 628 1024
903 234 137 1024
903 794 19 1024
904 790 95 1024
904 388 300 1024
905 244 148 1024
905 63 181 1024
906 279 126 1024
906 568 265 1024
907 775 690 1024
907 480 486 1024
908 174 653 1024
908 773 367 1024
909 471 183 1024
909 575 233 1024
910 435 525 1024
910 8 638 1024
911 146 420 1024
911 738 199 1024
912 82 699 1024
912 529 238 1024
913 372 756 1024
913 133 42 1024
914 269 162 1024
914 525 868 1024
915 645 600 1024
915 472 158 1024
916 208 559 1024
916 587 618 1024
917 785 309 1024
917 507 379 1024
918 580 96 1024
918 11 197 1024
919 268 109 1024
919 31 93 1024
920 507 83 1024
920 255 409 1024
921 870 221 1024
921 136 159 1024
922 604 57 1024
922 448 347 1024
923 419 381 1024
923 336 422 1024
924 732 822 1024
924 621 350 1024
925 684 514 1024
925 731 346 1024
926 582 364 1024
926 235 142 1024
927 564 117 1024
927 643 442 1024
928 533 227 1024
928 673 504 1024
929 554 211 1024
929 476 116 1024
930 100 474 1024
930 109 342 1024
931 529 312 1024
931 556 381 1024
932 688 435 1024
932 539 312 1024
933 531 596 1024
933 1 774 1024
934 825 211 1024
934 294 304 1024
935 307 417 1024
935 309 195 1024
936 796 48 1024
936 102 945 1024
937 4 826 1024
937 868 289 1024
938 124 413 1024
938 633 110 1024
939 344 46 1024
939 464 678 1024
940 230 426 1024
940 584 427 1024
941 689 407 1024
941 598 638 1024
942 600 933 1024
942 223 504 1024
943 407 200 1024
943 324 90 1024
944 229 291 1024
944 76 313 1024
945 396 269 1024
945 553 13 1024
946 811 405 1024
946 218 190 1024
947 146 209 1024
947 845 231 1024
948 357 266 1024
948 874 734 1024
949 474 158 1024
949 43 331 1024
950 705 150 1024
950 10 233 1024
951 920 226 1024
951 477 264 1024
952 180 241 1024
952 803 100 1024
953 386 504 1024
953 419 159 1024
954 117 274 1024
954 532 691 1024
955 174 222 1024
955 575 328 1024
956 698 221 1024
956 515 92 1024
957 814 53 1024
957 13 699 1024
958 829 302 1024
958 659 369 1024
959 908 276 1024
959 442 240 1024
960 370 367 1024
960 3 53 1024
961 533 288 1024
961 125 188 1024
962 719 251 1024
962 449 283 1024
963 766 232 1024
963 550 492 1024
964 699 153 1024
964 172 473 1024
965 475 593 1024
965 533 159 1024
966 509 223 1024
966 49 212 1024
967 367 406 1024
967 89 561 1024
968 894 233 1024
968 342 179 1024
969 394 596 1024
969 469 209 1024
970 858 684 1024
970 946 272 1024
971 772 196 1024
971 523 133 1024
972 461 119 1024
972 541 256 1024
973 245 55 1024
973 243 1006 1024
974 376 293 1024
974 729 251 1024
975 952 332 1024
975 313 249 1024
976 19 455 1024
976 324 296 1024
977 469 328 1024
977 845 271 1024
978 123 250 1024
978 333 410 1024
979 653 138 1024
979 874 335 1024
980 260 412 1024
980 887 184 1024
981 463 101 1024
981 26 162 1024
982 860 410 1024
982 940 263 1024
983 326 98 1024
983 807 265 1024
984 123 432 1024
984 115 683 1024
985 470 383 1024
985 228 589 1024
986 716 838 1024
986 45 363 1024
987 498 317 1024
987 633 355 1024
988 961 123 1024
988 582 401 1024
989 259 401 1024
989 635 286 1024
990 640 79 1024
990 948 567 1024
991 920 596 1024
991 12 258 1024
992 805 419 1024
992 801 95 1024
993 962 239 1024
993 534 65 1024
994 40 878 1024
994 666 293 1024
995 531 284 1024
995 494 217 1024
996 425 169 1024
996 461 430 1024
997 736 465 1024
997 432 416 1024
998 466 243 1024
998 524 157 1024
999 98 116 1024
999 255 433 1024
1000 391 883 1024
1000 24 95 1024
1 304 585 1024
1 160 451 1024
2 642 246 1024
2 335 328 1024
