1500 3000
3 1 457 1024
3 2 730 1024
4 3 482 1024
4 2 995 1024
5 1 241 1024
5 4 928 1024
6 3 416 1024
6 1 740 1024
7 5 241 1024
7 1 215 1024
8 1 15 1024
8 5 226 1024
9 3 271 1024
9 2 927 1024
10 3 103 1024
10 9 186 1024
11 8 736 1024
11 3 728 1024
12 7 196 1024
12 8 385 1024
13 10 756 1024
13 12 589 1024
14 9 338 1024
14 4 288 1024
15 6 291 1024
15 11 276 1024
16 2 924 1024
16 10 209 1024
17 14 113 1024
17 1 302 1024
18 12 567 1024
18 15 428 1024
19 12 208 1024
19 7 72 1024
20 6 278 1024
20 15 201 1024
21 2 373 1024
21 3 608 1024
22 5 227 1024
22 2 275 1024
23 12 154 1024
23 20 411 1024
24 9 198 1024
24 16 183 1024
25 18 757 1024
25 23 103 1024
26 7 224 1024
26 21 208 1024
27 5 694 1024
27 15 405 1024
28 12 422 1024
28 19 233 1024
29 8 644 1024
29 3 284 1024
30 13 747 1024
30 23 139 1024
31 4 760 1024
31 14 710 1024
32 23 444 1024
32 12 336 1024
33 12 377 1024
33 26 39 1024
34 24 224 1024
34 14 365 1024
35 27 131 1024
35 11 80 1024
36 19 274 1024
36 20 401 1024
37 4 81 1024
37 16 143 1024
38 26 360 1024
38 4 481 1024
39 15 407 1024
39 20 398 1024
40 14 640 1024
40 19 195 1024
41 12 391 1024
41 24 898 1024
42 15 100 1024
42 30 82 1024
43 25 324 1024
43 39 477 1024
44 25 264 1024
44 42 158 1024
45 9 43 1024
45 37 175 1024
46 21 125 1024
46 11 821 1024
47 36 157 1024
47 46 681 1024
48 40 349 1024
48 15 175 1024
49 35 143 1024
49 11 91 1024
50 12 359 1024
50 27 90 1024
51 28 135 1024
51 18 649 1024
52 34 531 1024
52 29 35 1024
53 47 114 1024
53 26 553 1024
54 49 280 1024
54 51 662 1024
55 18 332 1024
55 29 314 1024
56 2 861 1024
56 40 758 1024
57 55 486 1024
57 50 450 1024
58 57 552 1024
58 47 625 1024
59 29 200 1024
59 49 553 1024
60 15 380 1024
60 23 127 1024
61 42 177 1024
61 52 174 1024
62 40 934 1024
62 31 210 1024
63 12 564 1024
63 29 246 1024
64 17 240 1024
64 61 513 1024
65 19 253 1024
65 7 320 1024
66 53 543 1024
66 7 427 1024
67 66 141 1024
67 39 247 1024
68 55 348 1024
68 18 17 1024
69 66 487 1024
69 19 304 1024
70 13 437 1024
70 60 187 1024
71 29 101 1024
71 55 331 1024
72 26 250 1024
72 7 374 1024
73 44 118 1024
73 67 341 1024
74 29 544 1024
74 67 153 1024
75 49 687 1024
75 69 347 1024
76 51 685 1024
76 65 570 1024
77 7 323 1024
77 48 103 1024
78 64 346 1024
78 69 559 1024
79 28 295 1024
79 73 421 1024
80 4 463 1024
80 78 212 1024
81 59 504 1024
81 67 972 1024
82 35 142 1024
82 28 670 1024
83 72 235 1024
83 46 423 1024
84 25 420 1024
84 21 939 1024
85 83 194 1024
85 57 342 1024
86 58 640 1024
86 55 152 1024
87 64 644 1024
87 40 646 1024
88 10 841 1024
88 77 306 1024
89 23 214 1024
89 71 390 1024
90 10 169 1024
90 45 10 1024
91 33 169 1024
91 62 826 1024
92 78 226 1024
92 23 582 1024
93 83 663 1024
93 84 362 1024
94 51 240 1024
94 19 337 1024
95 10 34 1024
95 51 323 1024
96 7 90 1024
96 9 655 1024
97 43 459 1024
97 91 64 1024
98 22 38 1024
98 1 149 1024
99 62 15 1024
99 61 405 1024
100 68 136 1024
100 69 461 1024
101 30 264 1024
101 27 65 1024
102 6 553 1024
102 43 391 1024
103 95 603 1024
103 49 131 1024
104 38 421 1024
104 73 236 1024
105 67 203 1024
105 82 225 1024
106 67 783 1024
106 63 130 1024
107 101 931 1024
107 15 577 1024
108 65 284 1024
108 98 570 1024
109 36 402 1024
109 37 541 1024
110 30 145 1024
110 74 139 1024
111 71 678 1024
111 32 269 1024
112 18 193 1024
112 6 59 1024
113 112 699 1024
113 60 212 1024
114 26 120 1024
114 43 453 1024
115 98 602 1024
115 59 13 1024
116 67 408 1024
116 44 325 1024
117 112 502 1024
117 23 115 1024
118 18 435 1024
118 112 333 1024
119 66 50 1024
119 42 329 1024
120 69 226 1024
120 18 266 1024
121 20 288 1024
121 100 49 1024
122 120 226 1024
122 26 778 1024
123 37 273 1024
123 28 306 1024
124 83 266 1024
124 28 203 1024
125 4 563 1024
125 99 341 1024
126 68 461 1024
126 92 237 1024
127 55 395 1024
127 63 360 1024
128 23 547 1024
128 125 282 1024
129 82 229 1024
129 35 86 1024
130 12 254 1024
130 67 131 1024
131 76 480 1024
131 48 167 1024
132 61 419 1024
132 105 862 1024
133 38 485 1024
133 22 170 1024
134 14 371 1024
134 88 681 1024
135 38 236 1024
135 124 346 1024
136 100 662 1024
136 94 268 1024
137 93 130 1024
137 18 130 1024
138 119 363 1024
138 7 113 1024
139 21 666 1024
139 14 262 1024
140 85 109 1024
140 48 525 1024
141 49 514 1024
141 15 365 1024
142 47 296 1024
142 99 77 1024
143 45 653 1024
143 142 55 1024
144 32 349 1024
144 51 298 1024
145 3 480 1024
145 8 135 1024
146 61 187 1024
146 57 135 1024
147 138 135 1024
147 32 399 1024
148 97 383 1024
148 47 693 1024
149 134 194 1024
149 61 636 1024
150 52 414 1024
150 26 404 1024
151 73 364 1024
151 35 99 1024
152 90 266 1024
152 137 207 1024
153 42 196 1024
153 51 520 1024
154 82 40 1024
154 42 156 1024
155 110 266 1024
155 67 165 1024
156 123 157 1024
156 24 253 1024
157 134 278 1024
157 16 417 1024
158 134 705 1024
158 67 69 1024
159 85 668 1024
159 71 662 1024
160 94 576 1024
160 98 461 1024
161 84 415 1024
161 71 161 1024
162 65 222 1024
162 146 375 1024
163 148 859 1024
163 74 361 1024
164 1 509 1024
164 67 43 1024
165 61 440 1024
165 48 448 1024
166 123 348 1024
166 29 480 1024
167 146 427 1024
167 38 170 1024
168 63 305 1024
168 125 328 1024
169 40 132 1024
169 60 239 1024
170 41 196 1024
170 103 83 1024
171 53 414 1024
171 106 337 1024
172 116 206 1024
172 86 315 1024
173 3 128 1024
173 102 280 1024
174 69 429 1024
174 16 160 1024
175 3 279 1024
175 86 275 1024
176 30 266 1024
176 110 403 1024
177 67 164 1024
177 88 13 1024
178 165 262 1024
178 77 266 1024
179 129 100 1024
179 18 849 1024
180 66 693 1024
180 7 309 1024
181 66 613 1024
181 44 483 1024
182 134 552 1024
182 9 233 1024
183 4 998 1024
183 1 469 1024
184 170 141 1024
184 5 680 1024
185 37 227 1024
185 95 261 1024
186 6 75 1024
186 121 180 1024
187 146 347 1024
187 173 239 1024
188 17 228 1024
188 148 163 1024
189 10 219 1024
189 3 180 1024
190 122 61 1024
190 6 83 1024
191 138 562 1024
191 186 243 1024
192 96 308 1024
192 17 211 1024
193 54 1007 1024
193 37 65 1024
194 83 74 1024
194 90 196 1024
195 69 273 1024
195 172 129 1024
196 165 206 1024
196 137 414 1024
197 86 877 1024
197 155 77 1024
198 161 295 1024
198 122 334 1024
199 44 81 1024
199 13 636 1024
200 23 444 1024
200 124 160 1024
201 194 74 1024
201 28 233 1024
202 63 125 1024
202 168 280 1024
203 56 152 1024
203 165 336 1024
204 11 40 1024
204 184 69 1024
205 89 294 1024
205 92 116 1024
206 86 377 1024
206 41 287 1024
207 90 528 1024
207 48 512 1024
208 165 213 1024
208 3 347 1024
209 114 418 1024
209 113 598 1024
210 104 762 1024
210 192 370 1024
211 199 257 1024
211 190 184 1024
212 111 225 1024
212 198 371 1024
213 61 71 1024
213 153 302 1024
214 123 591 1024
214 61 84 1024
215 166 262 1024
215 205 133 1024
216 152 249 1024
216 125 196 1024
217 27 597 1024
217 74 459 1024
218 73 287 1024
218 44 370 1024
219 35 500 1024
219 61 434 1024
220 6 453 1024
220 173 263 1024
221 199 471 1024
221 128 555 1024
222 39 842 1024
222 159 762 1024
223 165 174 1024
223 31 310 1024
224 35 114 1024
224 27 235 1024
225 112 150 1024
225 11 329 1024
226 67 106 1024
226 132 612 1024
227 151 547 1024
227 176 333 1024
228 83 241 1024
228 71 353 1024
229 195 260 1024
229 218 188 1024
230 3 326 1024
230 28 620 1024
231 29 785 1024
231 8 208 1024
232 129 55 1024
232 155 77 1024
233 15 596 1024
233 195 360 1024
234 103 411 1024
234 3 265 1024
235 208 466 1024
235 44 108 1024
236 192 424 1024
236 175 481 1024
237 181 149 1024
237 226 358 1024
238 165 498 1024
238 26 87 1024
239 67 277 1024
239 94 306 1024
240 136 314 1024
240 51 372 1024
241 152 186 1024
241 208 346 1024
242 210 306 1024
242 193 103 1024
243 9 220 1024
243 53 665 1024
244 219 220 1024
244 166 89 1024
245 94 192 1024
245 104 320 1024
246 89 178 1024
246 181 228 1024
247 201 409 1024
247 231 142 1024
248 56 90 1024
248 108 613 1024
249 117 410 1024
249 43 453 1024
250 238 377 1024
250 46 221 1024
251 71 534 1024
251 32 183 1024
252 211 459 1024
252 187 63 1024
253 123 524 1024
253 89 48 1024
254 42 475 1024
254 162 157 1024
255 178 577 1024
255 107 201 1024
256 186 227 1024
256 35 494 1024
257 102 186 1024
257 45 104 1024
258 85 230 1024
258 193 305 1024
259 117 271 1024
259 213 371 1024
260 98 209 1024
260 7 119 1024
261 176 951 1024
261 215 284 1024
262 51 673 1024
262 52 651 1024
263 209 622 1024
263 132 631 1024
264 31 268 1024
264 255 220 1024
265 7 406 1024
265 162 668 1024
266 195 523 1024
266 247 300 1024
267 187 506 1024
267 167 265 1024
268 63 766 1024
268 267 453 1024
269 223 56 1024
269 139 498 1024
270 106 274 1024
270 243 142 1024
271 123 519 1024
271 73 453 1024
272 259 363 1024
272 136 440 1024
273 69 570 1024
273 72 86 1024
274 31 64 1024
274 61 186 1024
275 10 303 1024
275 60 485 1024
276 256 232 1024
276 34 504 1024
277 58 129 1024
277 270 561 1024
278 26 586 1024
278 214 159 1024
279 40 414 1024
279 29 277 1024
280 211 267 1024
280 143 304 1024
281 132 144 1024
281 56 141 1024
282 227 93 1024
282 209 652 1024
283 271 175 1024
283 95 318 1024
284 182 61 1024
284 129 1127 1024
285 29 521 1024
285 119 204 1024
286 150 273 1024
286 27 733 1024
287 221 603 1024
287 158 867 1024
288 177 103 1024
288 23 62 1024
289 258 730 1024
289 223 578 1024
290 177 567 1024
290 84 98 1024
291 282 769 1024
291 290 263 1024
292 98 144 1024
292 26 194 1024
293 165 357 1024
293 276 164 1024
294 212 735 1024
294 186 337 1024
295 8 326 1024
295 51 259 1024
296 5 266 1024
296 94 578 1024
297 175 371 1024
297 270 216 1024
298 257 502 1024
298 149 169 1024
299 282 81 1024
299 38 469 1024
300 19 341 1024
300 136 376 1024
301 69 343 1024
301 253 381 1024
302 260 218 1024
302 201 669 1024
303 230 157 1024
303 264 182 1024
304 70 346 1024
304 8 262 1024
305 149 543 1024
305 35 225 1024
306 54 99 1024
306 42 311 1024
307 164 285 1024
307 259 135 1024
308 135 703 1024
308 94 316 1024
309 53 205 1024
309 122 431 1024
310 224 381 1024
310 192 284 1024
311 258 55 1024
311 98 666 1024
312 247 163 1024
312 26 124 1024
313 234 268 1024
313 190 353 1024
314 153 704 1024
314 303 133 1024
315 277 113 1024
315 192 300 1024
316 204 265 1024
316 89 221 1024
317 200 82 1024
317 199 261 1024
318 245 246 1024
318 285 602 1024
319 138 697 1024
319 47 514 1024
320 116 118 1024
320 122 14 1024
321 229 453 1024
321 114 134 1024
322 208 269 1024
322 223 113 1024
323 298 314 1024
323 176 491 1024
324 161 525 1024
324 109 165 1024
325 38 44 1024
325 106 343 1024
326 270 827 1024
326 102 557 1024
327 320 94 1024
327 18 66 1024
328 294 167 1024
328 274 270 1024
329 319 244 1024
329 186 734 1024
330 192 399 1024
330 260 260 1024
331 11 1024 1024
331 283 544 1024
332 128 216 1024
332 157 220 1024
333 59 123 1024
333 122 190 1024
334 275 307 1024
334 145 160 1024
335 165 125 1024
335 164 632 1024
336 249 247 1024
336 154 356 1024
337 199 335 1024
337 61 506 1024
338 266 148 1024
338 253 34 1024
339 310 141 1024
339 224 499 1024
340 66 747 1024
340 152 99 1024
341 115 293 1024
341 335 235 1024
342 62 123 1024
342 227 1197 1024
343 135 321 1024
343 133 155 1024
344 266 293 1024
344 284 451 1024
345 9 32 1024
345 229 211 1024
346 331 324 1024
346 207 393 1024
347 318 618 1024
347 120 572 1024
348 147 429 1024
348 268 145 1024
349 294 348 1024
349 252 301 1024
350 349 338 1024
350 270 563 1024
351 205 238 1024
351 346 109 1024
352 334 360 1024
352 179 66 1024
353 289 222 1024
353 105 115 1024
354 298 682 1024
354 96 531 1024
355 238 145 1024
355 127 671 1024
356 166 467 1024
356 284 949 1024
357 22 98 1024
357 98 122 1024
358 103 229 1024
358 84 330 1024
359 2 501 1024
359 158 45 1024
360 15 697 1024
360 175 77 1024
361 319 429 1024
361 307 511 1024
362 259 346 1024
362 191 482 1024
363 55 253 1024
363 4 526 1024
364 38 413 1024
364 254 427 1024
365 199 273 1024
365 25 30 1024
366 18 480 1024
366 287 33 1024
367 1 609 1024
367 142 499 1024
368 195 304 1024
368 52 272 1024
369 244 137 1024
369 247 319 1024
370 312 432 1024
370 35 288 1024
371 53 528 1024
371 257 190 1024
372 73 732 1024
372 196 617 1024
373 332 175 1024
373 343 597 1024
374 176 516 1024
374 266 252 1024
375 217 177 1024
375 52 162 1024
376 164 114 1024
376 352 327 1024
377 133 524 1024
377 156 566 1024
378 373 441 1024
378 29 282 1024
379 7 421 1024
379 27 740 1024
380 71 163 1024
380 25 469 1024
381 316 338 1024
381 362 351 1024
382 88 46 1024
382 153 84 1024
383 257 38 1024
383 267 73 1024
384 93 731 1024
384 380 501 1024
385 119 572 1024
385 281 582 1024
386 3 401 1024
386 4 146 1024
387 144 120 1024
387 298 562 1024
388 300 109 1024
388 160 48 1024
389 166 184 1024
389 268 275 1024
390 156 254 1024
390 78 67 1024
391 181 662 1024
391 373 78 1024
392 143 270 1024
392 263 531 1024
393 243 384 1024
393 26 373 1024
394 160 93 1024
394 364 110 1024
395 254 270 1024
395 286 32 1024
396 84 477 1024
396 333 360 1024
397 134 565 1024
397 67 547 1024
398 162 65 1024
398 273 202 1024
399 111 121 1024
399 194 459 1024
400 338 245 1024
400 192 290 1024
401 254 396 1024
401 76 194 1024
402 211 661 1024
402 231 509 1024
403 236 288 1024
403 214 52 1024
404 293 467 1024
404 372 381 1024
405 273 389 1024
405 170 516 1024
406 57 210 1024
406 357 676 1024
407 6 165 1024
407 210 510 1024
408 189 323 1024
408 65 262 1024
409 188 775 1024
409 249 1048 1024
410 303 517 1024
410 316 218 1024
411 267 225 1024
411 132 349 1024
412 267 227 1024
412 59 94 1024
413 286 49 1024
413 183 452 1024
414 125 292 1024
414 86 307 1024
415 304 977 1024
415 4 530 1024
416 294 182 1024
416 168 555 1024
417 346 74 1024
417 56 300 1024
418 11 72 1024
418 170 199 1024
419 161 803 1024
419 27 164 1024
420 83 311 1024
420 162 294 1024
421 332 208 1024
421 40 589 1024
422 162 387 1024
422 166 584 1024
423 182 710 1024
423 263 287 1024
424 112 146 1024
424 195 362 1024
425 285 599 1024
425 21 688 1024
426 38 277 1024
426 189 291 1024
427 313 361 1024
427 43 394 1024
428 100 657 1024
428 333 349 1024
429 15 448 1024
429 372 68 1024
430 287 20 1024
430 293 581 1024
431 100 784 1024
431 134 318 1024
432 364 698 1024
432 380 279 1024
433 132 743 1024
433 60 386 1024
434 352 554 1024
434 1 286 1024
435 193 314 1024
435 157 300 1024
436 148 883 1024
436 236 323 1024
437 404 416 1024
437 428 637 1024
438 115 308 1024
438 150 377 1024
439 265 197 1024
439 282 73 1024
440 47 318 1024
440 150 73 1024
441 125 991 1024
441 111 403 1024
442 277 224 1024
442 71 740 1024
443 103 247 1024
443 85 514 1024
444 280 359 1024
444 20 549 1024
445 204 899 1024
445 90 67 1024
446 268 253 1024
446 374 263 1024
447 263 142 1024
447 161 598 1024
448 102 388 1024
448 364 62 1024
449 348 544 1024
449 437 704 1024
450 244 353 1024
450 220 213 1024
451 164 494 1024
451 281 304 1024
452 324 172 1024
452 5 173 1024
453 3 531 1024
453 348 461 1024
454 328 492 1024
454 423 165 1024
455 453 174 1024
455 155 342 1024
456 455 947 1024
456 304 881 1024
457 234 297 1024
457 68 115 1024
458 350 118 1024
458 228 165 1024
459 419 302 1024
459 454 138 1024
460 384 630 1024
460 318 193 1024
461 237 246 1024
461 385 395 1024
462 136 455 1024
462 184 39 1024
463 141 354 1024
463 3 47 1024
464 33 112 1024
464 133 219 1024
465 335 198 1024
465 256 375 1024
466 448 100 1024
466 238 195 1024
467 349 303 1024
467 186 676 1024
468 461 393 1024
468 459 324 1024
469 285 507 1024
469 277 185 1024
470 408 341 1024
470 165 632 1024
471 425 234 1024
471 311 85 1024
472 60 399 1024
472 321 366 1024
473 410 282 1024
473 472 614 1024
474 275 536 1024
474 83 222 1024
475 275 197 1024
475 324 45 1024
476 442 739 1024
476 194 137 1024
477 385 266 1024
477 187 768 1024
478 341 270 1024
478 466 331 1024
479 203 304 1024
479 422 289 1024
480 88 307 1024
480 446 106 1024
481 77 136 1024
481 25 108 1024
482 309 220 1024
482 94 96 1024
483 137 296 1024
483 166 423 1024
484 63 144 1024
484 270 260 1024
485 180 259 1024
485 26 80 1024
486 446 92 1024
486 338 102 1024
487 416 910 1024
487 439 26 1024
488 56 629 1024
488 65 356 1024
489 239 157 1024
489 392 528 1024
490 228 99 1024
490 145 325 1024
491 159 497 1024
491 263 197 1024
492 170 619 1024
492 5 283 1024
493 29 164 1024
493 339 156 1024
494 417 50 1024
494 117 640 1024
495 287 176 1024
495 218 124 1024
496 49 36 1024
496 170 151 1024
497 326 758 1024
497 144 188 1024
498 80 521 1024
498 176 223 1024
499 7 320 1024
499 498 241 1024
500 107 870 1024
500 182 102 1024
501 113 165 1024
501 469 470 1024
502 451 550 1024
502 11 84 1024
503 58 383 1024
503 43 126 1024
504 458 185 1024
504 448 189 1024
505 228 260 1024
505 66 463 1024
506 420 587 1024
506 228 80 1024
507 438 64 1024
507 220 544 1024
508 420 347 1024
508 9 258 1024
509 182 213 1024
509 152 287 1024
510 54 406 1024
510 496 138 1024
511 360 602 1024
511 372 16 1024
512 225 525 1024
512 279 505 1024
513 488 209 1024
513 399 111 1024
514 202 391 1024
514 59 393 1024
515 222 426 1024
515 89 577 1024
516 285 211 1024
516 197 92 1024
517 489 429 1024
517 11 561 1024
518 197 571 1024
518 410 391 1024
519 515 552 1024
519 379 437 1024
520 290 906 1024
520 196 415 1024
521 503 341 1024
521 489 196 1024
522 64 74 1024
522 236 595 1024
523 332 655 1024
523 371 198 1024
524 324 621 1024
524 287 555 1024
525 63 772 1024
525 167 191 1024
526 484 274 1024
526 241 187 1024
527 103 332 1024
527 501 303 1024
528 306 398 1024
528 12 110 1024
529 85 500 1024
529 391 158 1024
530 479 155 1024
530 268 510 1024
531 452 752 1024
531 63 564 1024
532 163 219 1024
532 483 116 1024
533 6 619 1024
533 58 697 1024
534 29 273 1024
534 415 207 1024
535 52 306 1024
535 116 269 1024
536 473 310 1024
536 47 408 1024
537 400 290 1024
537 362 445 1024
538 48 257 1024
538 213 382 1024
539 474 434 1024
539 93 306 1024
540 441 378 1024
540 293 461 1024
541 231 389 1024
541 58 270 1024
542 241 269 1024
542 80 217 1024
543 407 407 1024
543 192 286 1024
544 488 636 1024
544 153 176 1024
545 156 188 1024
545 263 430 1024
546 237 605 1024
546 226 247 1024
547 257 424 1024
547 323 88 1024
548 409 661 1024
548 336 261 1024
549 330 244 1024
549 247 660 1024
550 178 217 1024
550 176 365 1024
551 226 199 1024
551 288 111 1024
552 304 120 1024
552 260 135 1024
553 354 477 1024
553 385 200 1024
554 281 196 1024
554 294 639 1024
555 82 225 1024
555 88 254 1024
556 200 336 1024
556 298 114 1024
557 218 301 1024
557 544 618 1024
558 298 74 1024
558 75 189 1024
559 224 266 1024
559 14 645 1024
560 38 621 1024
560 129 721 1024
561 383 180 1024
561 172 442 1024
562 545 567 1024
562 365 226 1024
563 370 142 1024
563 372 717 1024
564 532 713 1024
564 310 477 1024
565 51 144 1024
565 362 249 1024
566 134 754 1024
566 373 200 1024
567 412 705 1024
567 133 484 1024
568 563 460 1024
568 401 389 1024
569 381 182 1024
569 296 98 1024
570 35 556 1024
570 266 209 1024
571 553 717 1024
571 34 376 1024
572 224 137 1024
572 61 291 1024
573 342 605 1024
573 385 539 1024
574 243 140 1024
574 445 178 1024
575 235 438 1024
575 286 283 1024
576 325 278 1024
576 109 249 1024
577 218 390 1024
577 166 589 1024
578 283 410 1024
578 177 917 1024
579 446 104 1024
579 521 247 1024
580 506 496 1024
580 472 171 1024
581 323 216 1024
581 183 203 1024
582 105 85 1024
582 575 823 1024
583 69 197 1024
583 213 109 1024
584 276 453 1024
584 501 239 1024
585 574 461 1024
585 502 582 1024
586 105 624 1024
586 230 203 1024
587 482 434 1024
587 1 189 1024
588 11 252 1024
588 86 497 1024
589 148 463 1024
589 537 219 1024
590 483 646 1024
590 98 243 1024
591 2 134 1024
591 381 106 1024
592 543 516 1024
592 516 449 1024
593 261 653 1024
593 195 98 1024
594 591 246 1024
594 209 450 1024
595 73 603 1024
595 227 957 1024
596 505 220 1024
596 589 24 1024
597 297 74 1024
597 140 271 1024
598 341 201 1024
598 205 225 1024
599 334 331 1024
599 199 225 1024
600 450 74 1024
600 210 107 1024
601 45 519 1024
601 148 304 1024
602 447 605 1024
602 526 289 1024
603 562 216 1024
603 512 623 1024
604 542 524 1024
604 284 779 1024
605 42 335 1024
605 430 431 1024
606 290 702 1024
606 181 387 1024
607 56 376 1024
607 18 339 1024
608 199 208 1024
608 549 81 1024
609 579 446 1024
609 276 546 1024
610 142 574 1024
610 88 901 1024
611 251 105 1024
611 504 277 1024
612 179 31 1024
612 447 311 1024
613 541 283 1024
613 200 417 1024
614 316 642 1024
614 308 480 1024
615 143 511 1024
615 59 116 1024
616 238 171 1024
616 1 286 1024
617 6 833 1024
617 482 637 1024
618 514 46 1024
618 112 126 1024
619 500 165 1024
619 143 623 1024
620 323 390 1024
620 29 324 1024
621 225 140 1024
621 510 230 1024
622 198 186 1024
622 234 79 1024
623 500 755 1024
623 340 329 1024
624 393 345 1024
624 505 555 1024
625 382 177 1024
625 559 422 1024
626 244 248 1024
626 522 229 1024
627 309 208 1024
627 489 126 1024
628 569 320 1024
628 273 289 1024
629 498 381 1024
629 435 278 1024
630 85 677 1024
630 487 202 1024
631 565 636 1024
631 395 392 1024
632 346 182 1024
632 368 169 1024
633 128 426 1024
633 28 714 1024
634 91 416 1024
634 192 561 1024
635 317 383 1024
635 413 97 1024
636 226 158 1024
636 501 279 1024
637 134 181 1024
637 545 293 1024
638 627 326 1024
638 576 420 1024
639 19 173 1024
639 33 339 1024
640 243 160 1024
640 241 140 1024
641 12 190 1024
641 394 365 1024
642 373 534 1024
642 258 84 1024
643 205 507 1024
643 117 696 1024
644 566 125 1024
644 216 135 1024
645 269 282 1024
645 165 427 1024
646 401 147 1024
646 434 553 1024
647 522 186 1024
647 495 251 1024
648 163 303 1024
648 641 322 1024
649 150 204 1024
649 335 80 1024
650 223 132 1024
650 290 605 1024
651 460 416 1024
651 175 243 1024
652 97 188 1024
652 439 193 1024
653 639 319 1024
653 224 227 1024
654 331 313 1024
654 142 770 1024
655 80 53 1024
655 243 446 1024
656 602 180 1024
656 421 109 1024
657 54 351 1024
657 57 69 1024
658 366 179 1024
658 593 269 1024
659 640 366 1024
659 452 388 1024
660 395 898 1024
660 137 263 1024
661 355 687 1024
661 184 659 1024
662 262 117 1024
662 376 265 1024
663 277 725 1024
663 350 161 1024
664 278 144 1024
664 153 105 1024
665 499 189 1024
665 301 831 1024
666 177 740 1024
666 430 262 1024
667 245 426 1024
667 502 239 1024
668 532 291 1024
668 417 468 1024
669 194 1012 1024
669 178 566 1024
670 620 199 1024
670 483 36 1024
671 273 530 1024
671 383 352 1024
672 484 148 1024
672 283 251 1024
673 216 181 1024
673 414 259 1024
674 25 319 1024
674 499 572 1024
675 532 264 1024
675 593 366 1024
676 505 597 1024
676 204 18 1024
677 407 372 1024
677 34 536 1024
678 18 205 1024
678 406 483 1024
679 622 230 1024
679 181 1007 1024
680 378 596 1024
680 633 420 1024
681 622 214 1024
681 420 622 1024
682 676 160 1024
682 161 754 1024
683 536 405 1024
683 600 600 1024
684 250 400 1024
684 33 127 1024
685 598 834 1024
685 430 876 1024
686 130 379 1024
686 528 277 1024
687 251 452 1024
687 654 428 1024
688 569 67 1024
688 664 210 1024
689 64 145 1024
689 69 547 1024
690 312 280 1024
690 606 52 1024
691 220 903 1024
691 178 423 1024
692 620 335 1024
692 117 169 1024
693 446 599 1024
693 382 303 1024
694 335 237 1024
694 422 66 1024
695 613 287 1024
695 448 255 1024
696 242 904 1024
696 221 91 1024
697 652 187 1024
697 228 175 1024
698 238 393 1024
698 448 304 1024
699 8 263 1024
699 17 564 1024
700 370 387 1024
700 519 339 1024
701 518 655 1024
701 325 820 1024
702 571 634 1024
702 435 98 1024
703 130 962 1024
703 94 482 1024
704 115 645 1024
704 78 466 1024
705 179 204 1024
705 481 237 1024
706 620 117 1024
706 110 67 1024
707 698 124 1024
707 613 309 1024
708 519 52 1024
708 282 415 1024
709 461 130 1024
709 652 438 1024
710 156 151 1024
710 188 179 1024
711 56 573 1024
711 432 129 1024
712 501 66 1024
712 625 222 1024
713 382 664 1024
713 5 352 1024
714 413 700 1024
714 301 187 1024
715 676 708 1024
715 622 221 1024
716 238 714 1024
716 669 436 1024
717 132 106 1024
717 624 52 1024
718 239 178 1024
718 373 254 1024
719 346 465 1024
719 70 257 1024
720 240 119 1024
720 501 693 1024
721 197 523 1024
721 446 277 1024
722 540 187 1024
722 494 343 1024
723 630 124 1024
723 249 61 1024
724 18 549 1024
724 629 733 1024
725 45 491 1024
725 124 370 1024
726 615 404 1024
726 281 61 1024
727 170 105 1024
727 340 651 1024
728 169 142 1024
728 604 159 1024
729 290 481 1024
729 67 162 1024
730 469 194 1024
730 350 236 1024
731 318 462 1024
731 54 272 1024
732 304 87 1024
732 13 198 1024
733 7 647 1024
733 360 307 1024
734 502 198 1024
734 584 142 1024
735 200 465 1024
735 212 385 1024
736 224 558 1024
736 587 422 1024
737 172 940 1024
737 51 359 1024
738 379 275 1024
738 202 155 1024
739 273 780 1024
739 258 362 1024
740 488 249 1024
740 374 143 1024
741 585 722 1024
741 62 117 1024
742 50 381 1024
742 94 332 1024
743 192 131 1024
743 466 207 1024
744 368 467 1024
744 492 271 1024
745 540 161 1024
745 329 379 1024
746 343 325 1024
746 344 584 1024
747 75 97 1024
747 85 176 1024
748 450 189 1024
748 170 633 1024
749 593 56 1024
749 397 318 1024
750 592 238 1024
750 141 144 1024
751 150 136 1024
751 700 335 1024
752 308 327 1024
752 608 188 1024
753 173 575 1024
753 492 257 1024
754 309 238 1024
754 166 337 1024
755 610 146 1024
755 565 172 1024
756 47 126 1024
756 661 192 1024
757 148 325 1024
757 744 629 1024
758 531 44 1024
758 724 249 1024
759 480 465 1024
759 414 94 1024
760 409 412 1024
760 560 342 1024
761 549 707 1024
761 14 114 1024
762 320 108 1024
762 742 426 1024
763 48 452 1024
763 261 350 1024
764 174 668 1024
764 684 215 1024
765 645 233 1024
765 600 544 1024
766 463 249 1024
766 126 42 1024
767 557 241 1024
767 535 457 1024
768 428 499 1024
768 752 319 1024
769 35 434 1024
769 210 529 1024
770 150 177 1024
770 148 199 1024
771 185 158 1024
771 246 397 1024
772 74 503 1024
772 641 158 1024
773 246 278 1024
773 394 101 1024
774 358 92 1024
774 742 116 1024
775 635 256 1024
775 519 17 1024
776 269 733 1024
776 413 265 1024
777 617 359 1024
777 713 218 1024
778 342 413 1024
778 629 582 1024
779 690 330 1024
779 564 301 1024
780 550 289 1024
780 507 340 1024
781 759 255 1024
781 214 30 1024
782 448 228 1024
782 764 224 1024
783 306 106 1024
783 298 750 1024
784 107 33 1024
784 264 105 1024
785 45 151 1024
785 72 508 1024
786 465 522 1024
786 258 511 1024
787 653 574 1024
787 322 732 1024
788 208 342 1024
788 695 276 1024
789 311 435 1024
789 378 354 1024
790 719 401 1024
790 354 400 1024
791 198 552 1024
791 481 139 1024
792 348 328 1024
792 463 86 1024
793 43 566 1024
793 215 375 1024
794 546 544 1024
794 134 462 1024
795 479 239 1024
795 446 191 1024
796 276 593 1024
796 551 245 1024
797 416 254 1024
797 391 191 1024
798 756 409 1024
798 34 350 1024
799 324 413 1024
799 757 184 1024
800 381 271 1024
800 713 141 1024
801 469 384 1024
801 478 522 1024
802 170 764 1024
802 89 430 1024
803 318 324 1024
803 199 171 1024
804 321 266 1024
804 326 333 1024
805 350 494 1024
805 24 186 1024
806 379 327 1024
806 598 309 1024
807 34 191 1024
807 270 100 1024
808 360 435 1024
808 752 661 1024
809 369 94 1024
809 463 358 1024
810 19 182 1024
810 630 525 1024
811 688 453 1024
811 673 504 1024
812 2 502 1024
812 142 721 1024
813 226 238 1024
813 28 503 1024
814 51 443 1024
814 230 344 1024
815 688 341 1024
815 501 336 1024
816 46 266 1024
816 149 379 1024
817 766 297 1024
817 611 616 1024
818 255 215 1024
818 54 173 1024
819 568 134 1024
819 290 137 1024
820 620 542 1024
820 204 740 1024
821 730 643 1024
821 595 595 1024
822 38 83 1024
822 219 399 1024
823 755 276 1024
823 702 70 1024
824 442 185 1024
824 281 772 1024
825 60 124 1024
825 134 480 1024
826 471 511 1024
826 818 192 1024
827 697 414 1024
827 783 541 1024
828 422 191 1024
828 509 32 1024
829 578 408 1024
829 93 141 1024
830 278 610 1024
830 110 534 1024
831 230 272 1024
831 762 305 1024
832 749 95 1024
832 754 334 1024
833 313 75 1024
833 107 150 1024
834 235 320 1024
834 135 186 1024
835 256 431 1024
835 362 314 1024
836 120 771 1024
836 364 537 1024
837 619 649 1024
837 547 132 1024
838 55 594 1024
838 621 391 1024
839 769 92 1024
839 463 420 1024
840 391 378 1024
840 54 230 1024
841 120 77 1024
841 176 618 1024
842 710 154 1024
842 316 679 1024
843 783 132 1024
843 372 362 1024
844 770 204 1024
844 295 612 1024
845 144 844 1024
845 780 174 1024
846 169 55 1024
846 698 207 1024
847 280 475 1024
847 613 43 1024
848 208 586 1024
848 387 560 1024
849 451 418 1024
849 685 169 1024
850 311 564 1024
850 715 265 1024
851 82 207 1024
851 843 393 1024
852 397 509 1024
852 747 369 1024
853 210 237 1024
853 16 119 1024
854 52 9 1024
854 489 468 1024
855 623 237 1024
855 228 354 1024
856 507 552 1024
856 256 416 1024
857 14 292 1024
857 325 391 1024
858 87 425 1024
858 615 242 1024
859 676 260 1024
859 225 114 1024
860 345 166 1024
860 148 317 1024
861 113 168 1024
861 536 140 1024
862 662 43 1024
862 417 677 1024
863 156 582 1024
863 656 459 1024
864 383 191 1024
864 132 51 1024
865 755 256 1024
865 492 237 1024
866 591 469 1024
866 411 199 1024
867 336 409 1024
867 200 607 1024
868 397 262 1024
868 274 298 1024
869 847 350 1024
869 810 139 1024
870 498 131 1024
870 634 12 1024
871 266 62 1024
871 32 197 1024
872 692 267 1024
872 154 105 1024
873 152 261 1024
873 120 134 1024
874 129 128 1024
874 262 55 1024
875 342 357 1024
875 401 121 1024
876 481 53 1024
876 487 443 1024
877 712 233 1024
877 119 59 1024
878 68 117 1024
878 63 425 1024
879 759 574 1024
879 495 484 1024
880 308 520 1024
880 252 529 1024
881 162 626 1024
881 226 662 1024
882 149 407 1024
882 712 135 1024
883 605 316 1024
883 383 164 1024
884 321 201 1024
884 793 82 1024
885 207 304 1024
885 717 780 1024
886 201 578 1024
886 158 466 1024
887 299 49 1024
887 881 115 1024
888 603 464 1024
888 660 88 1024
889 315 132 1024
889 882 353 1024
890 288 157 1024
890 519 33 1024
891 497 258 1024
891 701 886 1024
892 599 126 1024
892 443 315 1024
893 39 72 1024
893 124 788 1024
894 661 259 1024
894 650 201 1024
895 383 231 1024
895 205 425 1024
896 860 50 1024
896 69 403 1024
897 808 382 1024
897 759 489 1024
898 547 262 1024
898 613 369 1024
899 637 272 1024
899 358 501 1024
900 656 166 1024
900 287 251 1024
901 411 275 1024
901 663 684 1024
902 61 32 1024
902 644 259 1024
903 160 637 1024
903 69 202 1024
904 649 87 1024
904 330 626 1024
905 151 167 1024
905 309 335 1024
906 839 243 1024
906 892 513 1024
907 875 167 1024
907 361 407 1024
908 43 68 1024
908 415 509 1024
909 28 423 1024
909 739 345 1024
910 23 258 1024
910 263 595 1024
911 306 196 1024
911 693 372 1024
912 369 229 1024
912 799 442 1024
913 379 339 1024
913 463 269 1024
914 127 47 1024
914 106 325 1024
915 759 114 1024
915 828 409 1024
916 137 307 1024
916 85 266 1024
917 810 498 1024
917 243 901 1024
918 651 319 1024
918 778 423 1024
919 518 430 1024
919 118 442 1024
920 876 420 1024
920 842 464 1024
921 417 482 1024
921 298 578 1024
922 330 444 1024
922 15 702 1024
923 660 624 1024
923 235 581 1024
924 466 512 1024
924 767 449 1024
925 15 447 1024
925 552 408 1024
926 204 391 1024
926 454 150 1024
927 126 412 1024
927 129 927 1024
928 118 100 1024
928 44 79 1024
929 154 334 1024
929 138 152 1024
930 10 614 1024
930 204 173 1024
931 649 275 1024
931 742 527 1024
932 107 339 1024
932 325 654 1024
933 530 611 1024
933 15 719 1024
934 737 695 1024
934 100 960 1024
935 577 168 1024
935 331 546 1024
936 326 506 1024
936 230 154 1024
937 891 85 1024
937 14 263 1024
938 638 121 1024
938 413 78 1024
939 754 542 1024
939 453 841 1024
940 381 223 1024
940 663 699 1024
941 116 254 1024
941 208 406 1024
942 645 458 1024
942 275 474 1024
943 309 33 1024
943 299 426 1024
944 869 47 1024
944 526 228 1024
945 153 121 1024
945 910 203 1024
946 644 81 1024
946 242 557 1024
947 871 351 1024
947 189 171 1024
948 694 595 1024
948 610 341 1024
949 704 111 1024
949 503 512 1024
950 145 214 1024
950 73 77 1024
951 932 987 1024
951 542 584 1024
952 123 421 1024
952 121 309 1024
953 325 680 1024
953 129 233 1024
954 708 134 1024
954 103 300 1024
955 351 165 1024
955 455 673 1024
956 884 284 1024
956 764 151 1024
957 183 370 1024
957 464 54 1024
958 598 230 1024
958 9 102 1024
959 450 290 1024
959 597 130 1024
960 638 560 1024
960 123 150 1024
961 13 465 1024
961 157 264 1024
962 331 179 1024
962 269 347 1024
963 516 79 1024
963 295 503 1024
964 934 94 1024
964 9 268 1024
965 475 360 1024
965 641 275 1024
966 628 541 1024
966 807 1053 1024
967 587 267 1024
967 966 519 1024
968 71 296 1024
968 719 493 1024
969 10 197 1024
969 614 203 1024
970 695 511 1024
970 202 120 1024
971 556 431 1024
971 521 507 1024
972 611 177 1024
972 335 252 1024
973 773 221 1024
973 410 653 1024
974 732 90 1024
974 773 255 1024
975 313 54 1024
975 451 486 1024
976 809 131 1024
976 806 689 1024
977 971 236 1024
977 460 65 1024
978 37 291 1024
978 517 402 1024
979 818 211 1024
979 861 701 1024
980 32 428 1024
980 683 482 1024
981 428 161 1024
981 380 335 1024
982 293 446 1024
982 602 503 1024
983 163 236 1024
983 510 165 1024
984 408 297 1024
984 141 163 1024
985 288 105 1024
985 453 212 1024
986 591 457 1024
986 841 204 1024
987 785 537 1024
987 466 186 1024
988 896 320 1024
988 343 474 1024
989 401 74 1024
989 236 148 1024
990 98 214 1024
990 542 624 1024
991 866 413 1024
991 181 204 1024
992 808 320 1024
992 838 573 1024
993 935 25 1024
993 930 537 1024
994 474 239 1024
994 156 120 1024
995 611 99 1024
995 615 255 1024
996 449 459 1024
996 485 517 1024
997 560 325 1024
997 934 537 1024
998 53 421 1024
998 968 296 1024
999 972 390 1024
999 850 296 1024
1000 349 138 1024
1000 102 379 1024
1001 306 306 1024
1001 403 316 1024
1002 519 205 1024
1002 315 248 1024
1003 342 373 1024
1003 831 318 1024
1004 731 391 1024
1004 98 639 1024
1005 330 675 1024
1005 50 704 1024
1006 875 524 1024
1006 711 769 1024
1007 298 137 1024
1007 602 304 1024
1008 140 311 1024
1008 485 189 1024
1009 714 134 1024
1009 36 243 1024
1010 396 548 1024
1010 896 245 1024
1011 864 413 1024
1011 412 321 1024
1012 801 102 1024
1012 5 82 1024
1013 696 398 1024
1013 607 165 1024
1014 490 239 1024
1014 654 118 1024
1015 667 347 1024
1015 367 307 1024
1016 946 287 1024
1016 273 605 1024
1017 933 533 1024
1017 703 200 1024
1018 73 357 1024
1018 288 116 1024
1019 92 576 1024
1019 379 385 1024
1020 909 604 1024
1020 153 109 1024
1021 680 158 1024
1021 553 38 1024
1022 499 665 1024
1022 966 825 1024
1023 932 431 1024
1023 563 291 1024
1024 838 453 1024
1024 689 941 1024
1025 853 194 1024
1025 404 515 1024
1026 203 672 1024
1026 100 536 1024
1027 146 377 1024
1027 48 137 1024
1028 878 705 1024
1028 380 390 1024
1029 279 295 1024
1029 488 440 1024
1030 18 359 1024
1030 873 384 1024
1031 639 72 1024
1031 795 207 1024
1032 989 470 1024
1032 394 643 1024
1033 461 276 1024
1033 112 842 1024
1034 135 177 1024
1034 257 173 1024
1035 979 605 1024
1035 317 469 1024
1036 392 213 1024
1036 571 193 1024
1037 112 68 1024
1037 143 183 1024
1038 348 78 1024
1038 310 347 1024
1039 114 37 1024
1039 579 276 1024
1040 833 131 1024
1040 68 70 1024
1041 934 147 1024
1041 888 806 1024
1042 1029 172 1024
1042 544 80 1024
1043 253 78 1024
1043 12 193 1024
1044 211 333 1024
1044 674 259 1024
1045 122 349 1024
1045 463 170 1024
1046 51 519 1024
1046 412 186 1024
1047 1002 289 1024
1047 748 648 1024
1048 879 266 1024
1048 436 672 1024
1049 812 196 1024
1049 61 328 1024
1050 97 330 1024
1050 1047 40 1024
1051 489 430 1024
1051 890 262 1024
1052 971 356 1024
1052 600 312 1024
1053 218 448 1024
1053 217 248 1024
1054 284 245 1024
1054 170 713 1024
1055 299 768 1024
1055 155 100 1024
1056 140 357 1024
1056 435 311 1024
1057 873 209 1024
1057 633 476 1024
1058 784 385 1024
1058 1005 276 1024
1059 207 405 1024
1059 483 728 1024
1060 257 99 1024
1060 573 775 1024
1061 914 446 1024
1061 424 417 1024
1062 839 702 1024
1062 526 47 1024
1063 469 182 1024
1063 18 922 1024
1064 688 203 1024
1064 543 243 1024
1065 92 869 1024
1065 567 210 1024
1066 136 260 1024
1066 471 310 1024
1067 184 453 1024
1067 323 444 1024
1068 992 206 1024
1068 964 58 1024
1069 815 133 1024
1069 723 502 1024
1070 901 984 1024
1070 859 472 1024
1071 772 261 1024
1071 558 515 1024
1072 1069 288 1024
1072 622 448 1024
1073 52 271 1024
1073 489 478 1024
1074 587 466 1024
1074 527 73 1024
1075 232 960 1024
1075 768 123 1024
1076 417 157 1024
1076 621 590 1024
1077 399 226 1024
1077 1031 228 1024
1078 243 296 1024
1078 978 142 1024
1079 868 434 1024
1079 191 284 1024
1080 1049 583 1024
1080 974 247 1024
1081 401 202 1024
1081 312 1088 1024
1082 432 514 1024
1082 927 150 1024
1083 707 12 1024
1083 803 416 1024
1084 982 66 1024
1084 54 100 1024
1085 318 147 1024
1085 102 220 1024
1086 688 102 1024
1086 698 86 1024
1087 446 470 1024
1087 1064 602 1024
1088 241 541 1024
1088 860 540 1024
1089 25 270 1024
1089 824 162 1024
1090 26 189 1024
1090 1050 95 1024
1091 877 223 1024
1091 159 164 1024
1092 510 762 1024
1092 943 508 1024
1093 243 191 1024
1093 791 935 1024
1094 266 201 1024
1094 925 264 1024
1095 716 566 1024
1095 185 167 1024
1096 474 115 1024
1096 201 311 1024
1097 591 194 1024
1097 490 462 1024
1098 65 255 1024
1098 1065 588 1024
1099 477 50 1024
1099 205 196 1024
1100 382 148 1024
1100 1044 126 1024
1101 795 412 1024
1101 346 449 1024
1102 47 268 1024
1102 511 612 1024
1103 337 296 1024
1103 1067 207 1024
1104 902 213 1024
1104 1011 446 1024
1105 930 262 1024
1105 85 419 1024
1106 623 305 1024
1106 804 309 1024
1107 55 351 1024
1107 351 233 1024
1108 211 489 1024
1108 781 470 1024
1109 446 641 1024
1109 164 456 1024
1110 1016 466 1024
1110 603 594 1024
1111 195 566 1024
1111 250 283 1024
1112 113 73 1024
1112 238 208 1024
1113 370 134 1024
1113 512 880 1024
1114 215 539 1024
1114 552 104 1024
1115 260 48 1024
1115 1068 558 1024
1116 763 340 1024
1116 84 625 1024
1117 332 284 1024
1117 193 419 1024
1118 868 317 1024
1118 727 652 1024
1119 295 228 1024
1119 92 226 1024
1120 472 256 1024
1120 813 502 1024
1121 92 7 1024
1121 979 536 1024
1122 757 473 1024
1122 719 650 1024
1123 1119 187 1024
1123 621 503 1024
1124 444 392 1024
1124 67 470 1024
1125 875 344 1024
1125 1065 527 1024
1126 426 159 1024
1126 913 212 1024
1127 2 457 1024
1127 751 495 1024
1128 187 333 1024
1128 978 701 1024
1129 376 164 1024
1129 889 364 1024
1130 1082 318 1024
1130 369 205 1024
1131 924 705 1024
1131 965 60 1024
1132 905 537 1024
1132 678 415 1024
1133 753 608 1024
1133 1119 217 1024
1134 591 587 1024
1134 1107 164 1024
1135 576 341 1024
1135 569 168 1024
1136 978 239 1024
1136 102 482 1024
1137 1013 169 1024
1137 376 480 1024
1138 177 270 1024
1138 767 347 1024
1139 961 335 1024
1139 304 891 1024
1140 900 219 1024
1140 778 342 1024
1141 1083 106 1024
1141 775 185 1024
1142 224 522 1024
1142 74 543 1024
1143 383 699 1024
1143 941 550 1024
1144 218 36 1024
1144 747 133 1024
1145 331 196 1024
1145 69 379 1024
1146 743 451 1024
1146 236 127 1024
1147 357 334 1024
1147 7 165 1024
1148 805 254 1024
1148 1130 445 1024
1149 206 86 1024
1149 830 349 1024
1150 340 93 1024
1150 1053 442 1024
1151 1073 331 1024
1151 943 142 1024
1152 269 172 1024
1152 768 264 1024
1153 286 724 1024
1153 946 214 1024
1154 859 95 1024
1154 244 595 1024
1155 730 394 1024
1155 879 603 1024
1156 796 106 1024
1156 410 151 1024
1157 318 243 1024
1157 242 356 1024
1158 151 202 1024
1158 926 483 1024
1159 355 589 1024
1159 861 229 1024
1160 813 533 1024
1160 903 216 1024
1161 1033 32 1024
1161 651 709 1024
1162 440 288 1024
1162 188 33 1024
1163 243 239 1024
1163 1146 307 1024
1164 493 205 1024
1164 339 98 1024
1165 146 421 1024
1165 89 157 1024
1166 152 853 1024
1166 874 172 1024
1167 344 429 1024
1167 1152 211 1024
1168 981 254 1024
1168 181 571 1024
1169 230 38 1024
1169 422 445 1024
1170 158 493 1024
1170 524 65 1024
1171 987 356 1024
1171 77 573 1024
1172 597 625 1024
1172 984 242 1024
1173 767 408 1024
1173 375 250 1024
1174 709 763 1024
1174 578 640 1024
1175 768 67 1024
1175 71 211 1024
1176 86 490 1024
1176 824 363 1024
1177 986 569 1024
1177 794 344 1024
1178 762 679 1024
1178 245 479 1024
1179 152 439 1024
1179 346 373 1024
1180 699 445 1024
1180 358 234 1024
1181 1098 159 1024
1181 21 531 1024
1182 799 376 1024
1182 540 255 1024
1183 510 289 1024
1183 577 697 1024
1184 1148 547 1024
1184 764 318 1024
1185 772 184 1024
1185 322 257 1024
1186 560 395 1024
1186 43 249 1024
1187 717 297 1024
1187 642 343 1024
1188 596 377 1024
1188 1134 156 1024
1189 1028 456 1024
1189 567 339 1024
1190 709 224 1024
1190 329 747 1024
1191 584 72 1024
1191 45 795 1024
1192 296 221 1024
1192 1047 278 1024
1193 763 155 1024
1193 493 466 1024
1194 78 202 1024
1194 533 846 1024
1195 1141 419 1024
1195 154 324 1024
1196 682 532 1024
1196 506 177 1024
1197 89 477 1024
1197 993 205 1024
1198 115 302 1024
1198 925 660 1024
1199 521 666 1024
1199 490 531 1024
1200 912 358 1024
1200 1086 131 1024
1201 403 475 1024
1201 573 556 1024
1202 910 420 1024
1202 1049 241 1024
1203 702 118 1024
1203 509 236 1024
1204 391 110 1024
1204 291 182 1024
1205 700 57 1024
1205 1033 331 1024
1206 708 252 1024
1206 406 132 1024
1207 545 293 1024
1207 1137 139 1024
1208 393 809 1024
1208 926 89 1024
1209 1201 148 1024
1209 935 149 1024
1210 407 169 1024
1210 593 175 1024
1211 1065 708 1024
1211 435 662 1024
1212 674 345 1024
1212 1174 352 1024
1213 648 442 1024
1213 607 398 1024
1214 57 511 1024
1214 1047 610 1024
1215 996 147 1024
1215 190 300 1024
1216 749 130 1024
1216 696 153 1024
1217 132 221 1024
1217 829 192 1024
1218 959 52 1024
1218 1073 451 1024
1219 603 270 1024
1219 740 569 1024
1220 6 128 1024
1220 1197 270 1024
1221 365 478 1024
1221 684 37 1024
1222 1008 444 1024
1222 210 258 1024
1223 873 487 1024
1223 1190 233 1024
1224 52 115 1024
1224 309 471 1024
1225 739 824 1024
1225 621 355 1024
1226 748 380 1024
1226 568 459 1024
1227 909 170 1024
1227 349 345 1024
1228 1138 130 1024
1228 1043 166 1024
1229 853 358 1024
1229 1145 69 1024
1230 98 1054 1024
1230 407 59 1024
1231 1000 32 1024
1231 6 298 1024
1232 1133 347 1024
1232 995 132 1024
1233 704 206 1024
1233 835 486 1024
1234 694 532 1024
1234 645 351 1024
1235 1013 103 1024
1235 1176 482 1024
1236 422 496 1024
1236 511 9 1024
1237 659 567 1024
1237 1136 156 1024
1238 948 814 1024
1238 250 761 1024
1239 301 232 1024
1239 567 210 1024
1240 814 127 1024
1240 767 126 1024
1241 950 408 1024
1241 714 369 1024
1242 634 305 1024
1242 96 60 1024
1243 636 159 1024
1243 981 248 1024
1244 1135 101 1024
1244 1147 124 1024
1245 1060 443 1024
1245 460 206 1024
1246 172 278 1024
1246 1001 80 1024
1247 576 337 1024
1247 61 23 1024
1248 642 232 1024
1248 1140 192 1024
1249 635 339 1024
1249 165 105 1024
1250 1164 273 1024
1250 884 600 1024
1251 827 703 1024
1251 656 587 1024
1252 972 552 1024
1252 124 518 1024
1253 83 396 1024
1253 1205 251 1024
1254 791 39 1024
1254 101 114 1024
1255 309 463 1024
1255 1064 486 1024
1256 74 253 1024
1256 1131 353 1024
1257 1116 220 1024
1257 1240 251 1024
1258 375 641 1024
1258 1172 544 1024
1259 586 75 1024
1259 421 301 1024
1260 348 334 1024
1260 608 328 1024
1261 388 478 1024
1261 752 339 1024
1262 897 165 1024
1262 270 238 1024
1263 237 477 1024
1263 769 218 1024
1264 436 258 1024
1264 896 298 1024
1265 463 121 1024
1265 344 91 1024
1266 673 187 1024
1266 831 31 1024
1267 764 212 1024
1267 602 385 1024
1268 558 210 1024
1268 809 463 1024
1269 353 605 1024
1269 671 144 1024
1270 556 78 1024
1270 719 139 1024
1271 130 566 1024
1271 817 255 1024
1272 281 580 1024
1272 652 385 1024
1273 492 291 1024
1273 1248 117 1024
1274 846 461 1024
1274 377 286 1024
1275 1234 427 1024
1275 235 397 1024
1276 536 157 1024
1276 346 434 1024
1277 1007 266 1024
1277 846 229 1024
1278 811 665 1024
1278 867 71 1024
1279 354 176 1024
1279 838 427 1024
1280 186 263 1024
1280 121 167 1024
1281 605 625 1024
1281 461 70 1024
1282 886 44 1024
1282 1202 462 1024
1283 835 501 1024
1283 35 146 1024
1284 69 375 1024
1284 1004 52 1024
1285 86 108 1024
1285 766 36 1024
1286 1000 405 1024
1286 1218 873 1024
1287 924 175 1024
1287 666 195 1024
1288 819 686 1024
1288 1223 192 1024
1289 422 501 1024
1289 767 465 1024
1290 1027 335 1024
1290 533 211 1024
1291 440 314 1024
1291 731 725 1024
1292 1222 159 1024
1292 875 301 1024
1293 1049 108 1024
1293 287 310 1024
1294 269 146 1024
1294 622 226 1024
1295 932 361 1024
1295 511 178 1024
1296 90 227 1024
1296 1000 147 1024
1297 1156 144 1024
1297 169 428 1024
1298 95 596 1024
1298 313 757 1024
1299 1231 237 1024
1299 363 206 1024
1300 174 688 1024
1300 333 393 1024
1301 370 443 1024
1301 601 904 1024
1302 187 391 1024
1302 397 127 1024
1303 1027 388 1024
1303 971 797 1024
1304 735 147 1024
1304 340 248 1024
1305 422 289 1024
1305 832 126 1024
1306 672 398 1024
1306 424 368 1024
1307 869 274 1024
1307 216 775 1024
1308 813 399 1024
1308 125 541 1024
1309 98 696 1024
1309 562 513 1024
1310 1153 280 1024
1310 1061 248 1024
1311 367 153 1024
1311 517 292 1024
1312 163 216 1024
1312 876 249 1024
1313 344 166 1024
1313 373 117 1024
1314 807 239 1024
1314 710 298 1024
1315 1156 173 1024
1315 685 168 1024
1316 418 426 1024
1316 1066 311 1024
1317 6 235 1024
1317 1222 409 1024
1318 1300 340 1024
1318 507 89 1024
1319 601 271 1024
1319 720 502 1024
1320 1069 143 1024
1320 905 152 1024
1321 980 346 1024
1321 300 238 1024
1322 973 61 1024
1322 1119 614 1024
1323 744 48 1024
1323 1244 93 1024
1324 1154 267 1024
1324 427 298 1024
1325 229 409 1024
1325 156 320 1024
1326 1196 607 1024
1326 373 262 1024
1327 1119 212 1024
1327 755 50 1024
1328 1277 537 1024
1328 18 294 1024
1329 1121 250 1024
1329 659 74 1024
1330 1013 501 1024
1330 757 266 1024
1331 1274 591 1024
1331 454 678 1024
1332 318 320 1024
1332 133 323 1024
1333 1084 79 1024
1333 956 741 1024
1334 438 277 1024
1334 99 416 1024
1335 256 90 1024
1335 1243 299 1024
1336 559 119 1024
1336 347 212 1024
1337 342 252 1024
1337 864 390 1024
1338 152 641 1024
1338 477 209 1024
1339 212 202 1024
1339 1027 477 1024
1340 571 574 1024
1340 620 531 1024
1341 464 440 1024
1341 1090 690 1024
1342 307 41 1024
1342 933 456 1024
1343 671 276 1024
1343 446 573 1024
1344 701 226 1024
1344 457 182 1024
1345 1002 294 1024
1345 136 105 1024
1346 339 224 1024
1346 361 371 1024
1347 57 342 1024
1347 1293 518 1024
1348 1304 300 1024
1348 1123 505 1024
1349 796 728 1024
1349 814 674 1024
1350 1341 667 1024
1350 135 78 1024
1351 532 95 1024
1351 1119 296 1024
1352 406 97 1024
1352 1301 275 1024
1353 1289 901 1024
1353 424 21 1024
1354 604 689 1024
1354 645 152 1024
1355 587 712 1024
1355 860 339 1024
1356 284 124 1024
1356 430 283 1024
1357 483 434 1024
1357 1356 258 1024
1358 993 212 1024
1358 797 241 1024
1359 388 359 1024
1359 105 84 1024
1360 1266 71 1024
1360 233 131 1024
1361 1248 319 1024
1361 128 183 1024
1362 443 285 1024
1362 347 386 1024
1363 833 38 1024
1363 1296 387 1024
1364 596 83 1024
1364 1009 592 1024
1365 1131 263 1024
1365 121 201 1024
1366 14 201 1024
1366 37 84 1024
1367 309 205 1024
1367 754 393 1024
1368 87 392 1024
1368 580 675 1024
1369 431 559 1024
1369 1236 364 1024
1370 1053 475 1024
1370 505 378 1024
1371 666 55 1024
1371 1054 414 1024
1372 632 183 1024
1372 1045 74 1024
1373 1027 302 1024
1373 462 118 1024
1374 584 214 1024
1374 1234 224 1024
1375 189 321 1024
1375 1073 25 1024
1376 930 608 1024
1376 791 865 1024
1377 428 263 1024
1377 356 281 1024
1378 223 211 1024
1378 1252 265 1024
1379 615 244 1024
1379 327 170 1024
1380 1250 380 1024
1380 757 349 1024
1381 196 54 1024
1381 513 754 1024
1382 322 386 1024
1382 1073 578 1024
1383 1200 328 1024
1383 629 216 1024
1384 1295 338 1024
1384 868 187 1024
1385 411 668 1024
1385 1347 237 1024
1386 1011 182 1024
1386 319 312 1024
1387 1370 285 1024
1387 1051 137 1024
1388 1196 214 1024
1388 550 358 1024
1389 277 260 1024
1389 604 150 1024
1390 287 443 1024
1390 401 550 1024
1391 542 435 1024
1391 808 580 1024
1392 1148 95 1024
1392 995 246 1024
1393 916 275 1024
1393 964 167 1024
1394 183 608 1024
1394 711 268 1024
1395 814 116 1024
1395 1204 128 1024
1396 1221 187 1024
1396 498 321 1024
1397 1144 551 1024
1397 93 542 1024
1398 757 60 1024
1398 969 161 1024
1399 670 198 1024
1399 532 206 1024
1400 168 106 1024
1400 1082 114 1024
1401 1177 56 1024
1401 552 136 1024
1402 202 300 1024
1402 1237 368 1024
1403 508 430 1024
1403 1295 233 1024
1404 456 607 1024
1404 93 55 1024
1405 729 285 1024
1405 455 468 1024
1406 555 524 1024
1406 1135 799 1024
1407 26 194 1024
1407 205 165 1024
1408 1060 444 1024
1408 1159 309 1024
1409 1308 447 1024
1409 541 95 1024
1410 65 404 1024
1410 650 415 1024
1411 1069 552 1024
1411 669 614 1024
1412 52 734 1024
1412 1322 230 1024
1413 361 359 1024
1413 1327 124 1024
1414 354 244 1024
1414 1213 564 1024
1415 1074 380 1024
1415 1216 385 1024
1416 890 170 1024
1416 275 360 1024
1417 80 166 1024
1417 737 406 1024
1418 771 422 1024
1418 1107 217 1024
1419 1209 309 1024
1419 409 28 1024
1420 994 269 1024
1420 205 269 1024
1421 129 120 1024
1421 1415 303 1024
1422 597 110 1024
1422 853 129 1024
1423 1046 187 1024
1423 1013 209 1024
1424 1169 691 1024
1424 226 404 1024
1425 22 275 1024
1425 153 419 1024
1426 1185 222 1024
1426 919 391 1024
1427 762 317 1024
1427 1070 586 1024
1428 889 148 1024
1428 375 846 1024
1429 311 422 1024
1429 128 324 1024
1430 787 979 1024
1430 136 575 1024
1431 1209 271 1024
1431 578 552 1024
1432 942 482 1024
1432 298 200 1024
1433 16 204 1024
1433 330 646 1024
1434 359 592 1024
1434 1041 403 1024
1435 1063 632 1024
1435 1405 145 1024
1436 1167 286 1024
1436 1353 701 1024
1437 12 96 1024
1437 1307 190 1024
1438 844 395 1024
1438 250 161 1024
1439 1238 461 1024
1439 884 926 1024
1440 469 535 1024
1440 795 371 1024
1441 266 160 1024
1441 793 268 1024
1442 660 232 1024
1442 3 402 1024
1443 1279 101 1024
1443 502 217 1024
1444 1022 961 1024
1444 107 859 1024
1445 44 106 1024
1445 1001 319 1024
1446 1235 569 1024
1446 1107 720 1024
1447 557 269 1024
1447 192 195 1024
1448 1148 215 1024
1448 944 122 1024
1449 613 316 1024
1449 96 423 1024
1450 97 612 1024
1450 43 176 1024
1451 1383 273 1024
1451 1398 81 1024
1452 977 416 1024
1452 353 463 1024
1453 1212 223 1024
1453 101 198 1024
1454 757 43 1024
1454 266 409 1024
1455 1171 350 1024
1455 996 497 1024
1456 1105 242 1024
1456 1383 174 1024
1457 1215 349 1024
1457 1256 328 1024
1458 339 220 1024
1458 909 77 1024
1459 328 238 1024
1459 1394 189 1024
1460 748 625 1024
1460 410 58 1024
1461 562 635 1024
1461 234 315 1024
1462 4 404 1024
1462 1364 391 1024
1463 67 658 1024
1463 896 508 1024
1464 86 545 1024
1464 242 270 1024
1465 1211 65 1024
1465 499 78 1024
1466 703 94 1024
1466 900 339 1024
1467 812 793 1024
1467 83 904 1024
1468 1356 51 1024
1468 367 293 1024
1469 1398 547 1024
1469 53 255 1024
1470 1297 151 1024
1470 1339 357 1024
1471 975 354 1024
1471 667 129 1024
1472 1136 659 1024
1472 865 402 1024
1473 201 230 1024
1473 213 389 1024
1474 1392 503 1024
1474 1464 152 1024
1475 850 284 1024
1475 1355 29 1024
1476 1157 303 1024
1476 1341 565 1024
1477 710 108 1024
1477 1393 396 1024
1478 861 230 1024
1478 119 266 1024
1479 901 652 1024
1479 1209 206 1024
1480 70 163 1024
1480 1007 73 1024
1481 394 199 1024
1481 137 674 1024
1482 1375 195 1024
1482 414 251 1024
1483 127 242 1024
1483 539 136 1024
1484 557 157 1024
1484 754 332 1024
1485 849 308 1024
1485 801 613 1024
1486 637 602 1024
1486 982 380 1024
1487 617 79 1024
1487 229 364 1024
1488 892 257 1024
1488 83 753 1024
1489 790 811 1024
1489 1306 152 1024
1490 1400 722 1024
1490 45 792 1024
1491 293 190 1024
1491 908 147 1024
1492 1078 471 1024
1492 1225 358 1024
1493 653 158 1024
1493 544 230 1024
1494 625 26 1024
1494 1026 365 1024
1495 1103 376 1024
1495 831 383 1024
1496 53 455 1024
1496 288 19 1024
1497 256 89 1024
1497 502 481 1024
1498 2 526 1024
1498 1209 605 1024
1499 1092 114 1024
1499 1286 218 1024
1500 995 172 1024
1500 1081 521 1024
1 1228 437 1024
1 1211 301 1024
2 499 102 1024
2 393 580 1024
