1739 4279
1 2 1 2500
1 3 1 1250
1 4 1 750
1 5 1 1750
1 6 1 1000
1 7 1 5500
1 8 1 3000
1 9 1 500
1 10 1 750
1 11 1 2250
1 12 1 750
1 13 1 750
1 14 1 1000
1 15 1 5500
1 16 1 2250
1 17 1 19250
1 18 1 12000
1 19 1 1000
1 20 1 1500
1 21 1 44000
1 22 1 1000
1 23 1 750
1 24 1 36750
1 25 1 8000
1 26 1 3250
1 27 1 500
1 28 1 1000
1 29 1 5250
1 30 1 1250
1 31 1 5000
1 32 1 1750
1 33 1 1500
1 34 1 7750
1 35 1 6500
1 36 1 500
1 37 1 17000
1 38 1 12000
1 39 1 500
1 40 1 1000
1 41 1 750
1 42 1 1500
1 43 1 1000
1 44 1 2500
1 45 1 750
1 46 1 32250
1 47 1 250
1 48 1 500
1 49 1 750
1 50 1 500
1 51 1 1000
1 52 1 750
1 53 1 1000
1 54 1 750
1 55 1 1500
1 56 1 2500
1 57 1 1500
1 58 1 500
1 59 1 1000
1 60 1 6500
1 61 1 750
1 62 1 750
1 63 1 1000
1 64 1 1500
1 65 1 750
1 66 1 250
1 67 1 750
1 68 1 250
1 69 1 2250
1 70 1 4500
1 71 1 6000
1 72 1 1000
1 73 1 2000
1 74 1 3250
1 75 1 500
1 76 1 1000
1 77 1 1000
1 78 1 6750
1 79 1 1250
1 80 1 5000
1 81 1 750
1 82 1 750
1 83 1 1500
1 84 1 6000
1 85 1 2750
1 86 1 1000
1 87 1 2500
1 88 1 1000
1 89 1 500
1 90 1 1250
1 91 1 500
1 92 1 750
1 93 1 500
1 94 1 500
1 95 1 750
1 96 1 750
1 97 1 1000
1 98 1 1250
1 99 1 500
1 100 1 1000
1 101 1 250
1 102 1 1000
1 103 1 750
1 104 1 1250
1 105 1 1750
1 106 1 1250
1 107 1 500
1 108 1 1000
1 109 1 1000
1 110 1 500
1 111 1 750
1 112 1 2750
1 113 1 13000
1 114 1 6000
1 115 1 250
1 116 1 750
1 117 1 1000
1 118 1 500
1 119 1 1250
1 120 1 1000
1 121 1 500
1 122 1 750
1 123 1 1250
1 124 1 1000
1 125 1 750
1 126 1 750
1 127 1 750
1 128 1 1250
1 129 1 1000
1 130 1 1250
1 131 1 750
1 132 1 750
1 133 1 1250
1 134 1 750
1 135 1 1000
1 136 1 1000
1 137 1 1000
1 138 1 1250
1 139 1 2000
1 140 1 1000
1 141 1 1000
1 142 1 750
1 143 1 750
1 144 1 750
1 145 1 1000
1 146 1 1250
1 147 1 1250
1 148 1 750
1 149 1 1000
1 150 1 750
1 151 1 1000
1 152 1 1000
1 153 1 1000
1 154 1 1000
1 155 1 750
1 156 1 500
1 157 1 1000
1 158 1 1000
1 159 1 750
1 160 1 750
1 161 1 1000
1 162 1 1000
1 163 1 1250
1 164 1 750
1 165 1 750
1 166 1 750
1 167 1 1500
1 168 1 1000
1 169 1 750
1 170 1 750
1 171 1 1000
1 172 1 750
1 173 1 1500
1 174 1 1000
2 181 1 2000
2 35 1 250
2 21 1 750
3 330 1 500
4 18 1 250
4 21 1 500
5 276 1 1000
6 44 1 750
7 21 1 9500
7 348 1 1500
7 279 1 250
7 236 1 750
7 282 1 10500
7 768 1 1000
8 240 1 2250
9 21 1 500
9 24 1 500
10 21 1 750
10 240 1 250
11 199 1 1750
12 21 1 500
13 21 1 750
14 24 1 750
15 17 1 3500
15 18 1 1750
15 224 1 1250
15 21 1 6250
15 24 1 4750
15 235 1 750
15 236 1 1000
15 25 1 1000
15 26 1 250
15 237 1 1000
15 238 1 1250
15 239 1 750
15 240 1 5000
15 241 1 1250
15 35 1 750
15 242 1 250
15 46 1 4750
15 48 1 250
15 55 1 250
15 243 1 1500
15 60 1 1500
15 66 1 250
15 244 1 750
15 245 1 2000
15 246 1 750
15 78 1 1000
15 80 1 1250
15 247 1 2750
15 248 1 1500
15 249 1 2000
15 87 1 1250
15 250 1 500
15 251 1 1000
15 252 1 500
15 93 1 250
15 99 1 250
15 253 1 750
15 123 1 500
15 254 1 750
15 255 1 500
15 149 1 500
15 256 1 1500
15 257 1 1000
15 258 1 500
15 259 1 1500
15 260 1 1000
15 261 1 1000
16 817 1 1500
17 18 1 7500
17 224 1 1500
17 274 1 2500
17 275 1 2750
17 276 1 3500
17 277 1 22250
17 278 1 1750
17 279 1 500
17 25 1 5250
17 26 1 2000
17 280 1 8750
17 281 1 250
17 282 1 16250
17 283 1 500
17 284 1 5250
17 285 1 2000
17 286 1 2250
17 31 1 4000
17 287 1 1250
17 288 1 10500
17 181 1 12250
17 240 1 8250
17 289 1 1500
17 290 1 750
17 35 1 3000
17 291 1 2000
17 37 1 4000
17 292 1 16750
17 293 1 6750
17 294 1 3000
17 242 1 250
17 295 1 250
17 296 1 3750
17 46 1 26500
17 297 1 500
17 55 1 1500
17 298 1 250
17 299 1 2000
17 300 1 1500
17 301 1 750
17 302 1 750
17 60 1 6250
17 303 1 750
17 304 1 500
17 305 1 750
17 306 1 1500
17 307 1 15250
17 247 1 4000
17 308 1 500
17 87 1 5250
17 309 1 1750
17 310 1 500
17 311 1 750
17 312 1 1000
17 313 1 1000
17 314 1 3000
17 21 1 26000
17 331 1 16500
18 179 1 1500
18 182 1 1250
18 194 1 2000
18 198 1 750
18 199 1 11000
18 265 1 2500
18 266 1 1250
18 317 1 1500
18 184 1 1500
18 195 1 1000
18 221 1 1250
18 224 1 500
18 318 1 1500
18 319 1 1750
18 275 1 1000
18 320 1 6250
18 276 1 1000
18 321 1 1000
18 225 1 750
18 21 1 22250
18 272 1 4250
18 24 1 15250
18 322 1 3000
18 25 1 3500
18 26 1 1250
18 281 1 250
18 283 1 750
18 323 1 2750
18 186 1 2500
18 31 1 1750
18 240 1 5500
18 289 1 500
18 191 1 1250
18 34 1 4500
18 192 1 1500
18 290 1 250
18 35 1 1750
18 324 1 2250
18 325 1 2250
18 37 1 3250
18 293 1 1500
18 204 1 1750
18 242 1 250
18 295 1 250
18 326 1 1500
18 210 1 9500
18 327 1 1250
18 328 1 3500
18 296 1 1250
18 329 1 2000
18 46 1 11250
18 49 1 500
18 55 1 500
18 299 1 500
18 330 1 750
18 300 1 250
18 301 1 500
18 331 1 6250
18 302 1 250
18 332 1 500
18 333 1 1500
18 60 1 2500
18 303 1 500
18 304 1 250
18 66 1 250
18 305 1 250
18 334 1 3750
18 79 1 500
18 80 1 3000
18 335 1 5250
18 247 1 1500
18 87 1 1250
18 309 1 500
18 310 1 250
18 232 1 1000
18 311 1 250
18 336 1 3500
18 337 1 1500
18 338 1 1000
18 92 1 500
18 339 1 750
18 340 1 750
18 312 1 250
18 101 1 750
18 341 1 5500
18 313 1 500
18 342 1 1500
18 343 1 750
18 344 1 1500
18 314 1 1000
18 345 1 750
18 256 1 750
18 346 1 1250
18 347 1 2500
19 21 1 500
20 541 1 750
21 200 1 4750
21 224 1 3500
21 175 1 1500
21 187 1 2250
21 389 1 750
21 377 1 5750
21 277 1 29750
21 390 1 4000
21 391 1 3250
21 392 1 13750
21 23 1 750
21 24 1 53250
21 279 1 750
21 235 1 1000
21 25 1 11750
21 26 1 5500
21 281 1 250
21 393 1 1000
21 283 1 2000
21 27 1 500
21 394 1 1000
21 395 1 2000
21 396 1 1000
21 31 1 6250
21 397 1 750
21 181 1 21750
21 240 1 22000
21 289 1 2000
21 398 1 1250
21 34 1 12000
21 399 1 1250
21 400 1 2500
21 290 1 750
21 401 1 2000
21 402 1 750
21 403 1 9500
21 404 1 1000
21 324 1 2500
21 405 1 1000
21 406 1 1750
21 407 1 1000
21 408 1 2750
21 409 1 1750
21 410 1 1750
21 411 1 7000
21 412 1 2000
21 242 1 750
21 413 1 1000
21 414 1 4000
21 39 1 500
21 295 1 250
21 41 1 500
21 43 1 750
21 296 1 4750
21 415 1 6250
21 416 1 3500
21 45 1 500
21 46 1 48750
21 417 1 1000
21 47 1 500
21 418 1 1250
21 419 1 1000
21 48 1 500
21 420 1 1250
21 50 1 500
21 421 1 2000
21 422 1 1250
21 423 1 1500
21 297 1 500
21 424 1 1250
21 425 1 1250
21 426 1 1750
21 427 1 3500
21 428 1 750
21 55 1 2500
21 429 1 1250
21 298 1 500
21 299 1 1500
21 380 1 1000
21 300 1 1250
21 301 1 500
21 430 1 5250
21 302 1 500
21 431 1 1000
21 432 1 3250
21 433 1 2250
21 332 1 500
21 434 1 1250
21 59 1 750
21 333 1 1500
21 435 1 1000
21 60 1 7500
21 436 1 750
21 437 1 750
21 438 1 1500
21 439 1 1500
21 440 1 1250
21 441 1 750
21 61 1 500
21 62 1 750
21 442 1 1000
21 443 1 1000
21 444 1 1000
21 445 1 1000
21 63 1 750
21 446 1 1000
21 447 1 3500
21 448 1 750
21 449 1 1000
21 450 1 1750
21 451 1 1250
21 303 1 750
21 452 1 1000
21 453 1 11000
21 454 1 1250
21 65 1 500
21 455 1 750
21 456 1 2250
21 457 1 2250
21 304 1 250
21 66 1 250
21 305 1 500
21 68 1 500
21 458 1 1000
21 459 1 750
21 460 1 1750
21 461 1 3000
21 462 1 7250
21 463 1 4750
21 464 1 2000
21 465 1 2750
21 466 1 1000
21 467 1 750
21 72 1 750
21 468 1 2250
21 73 1 1500
21 469 1 750
21 470 1 1000
21 471 1 1250
21 472 1 750
21 245 1 2250
21 473 1 1250
21 474 1 1000
21 75 1 500
21 475 1 2250
21 476 1 750
21 477 1 1000
21 478 1 1000
21 479 1 500
21 480 1 1250
21 481 1 1000
21 482 1 1000
21 76 1 750
21 483 1 1000
21 484 1 1000
21 334 1 2500
21 485 1 1500
21 78 1 6750
21 486 1 1000
21 79 1 1750
21 487 1 1000
21 488 1 750
21 489 1 2000
21 490 1 2750
21 491 1 1500
21 492 1 3250
21 493 1 3500
21 494 1 1000
21 80 1 7500
21 495 1 6250
21 81 1 750
21 496 1 750
21 497 1 1250
21 498 1 1750
21 335 1 5250
21 82 1 500
21 499 1 750
21 500 1 11250
21 84 1 6500
21 85 1 2000
21 501 1 500
21 502 1 2000
21 503 1 1250
21 504 1 1000
21 505 1 1250
21 506 1 1250
21 507 1 1500
21 508 1 1250
21 509 1 1000
21 510 1 500
21 511 1 2500
21 308 1 750
21 512 1 1000
21 513 1 1000
21 514 1 1000
21 515 1 1000
21 516 1 750
21 249 1 2000
21 517 1 1000
21 518 1 1250
21 87 1 3750
21 519 1 1000
21 520 1 1250
21 521 1 1000
21 522 1 750
21 523 1 1000
21 524 1 1000
21 525 1 1000
21 526 1 750
21 250 1 750
21 310 1 500
21 527 1 750
21 89 1 750
21 528 1 1000
21 529 1 2000
21 90 1 750
21 530 1 1000
21 336 1 2750
21 91 1 500
21 531 1 1000
21 532 1 1250
21 533 1 1000
21 534 1 2000
21 535 1 1000
21 252 1 750
21 536 1 1000
21 537 1 1250
21 538 1 1250
21 539 1 1750
21 540 1 1750
21 339 1 500
21 541 1 6500
21 93 1 250
21 542 1 750
21 543 1 750
21 544 1 2250
21 545 1 2750
21 546 1 1000
21 547 1 1000
21 94 1 500
21 548 1 750
21 340 1 750
21 95 1 750
21 549 1 1750
21 96 1 750
21 97 1 750
21 550 1 1500
21 551 1 1000
21 552 1 25000
21 553 1 1250
21 554 1 750
21 555 1 1250
21 556 1 1000
21 312 1 1250
21 557 1 1250
21 558 1 4500
21 559 1 750
21 99 1 500
21 560 1 750
21 101 1 250
21 561 1 1000
21 562 1 1000
21 563 1 1000
21 564 1 750
21 102 1 750
21 565 1 1500
21 105 1 2750
21 566 1 1000
21 567 1 1000
21 568 1 1000
21 569 1 750
21 570 1 1000
21 571 1 1000
21 572 1 1000
21 573 1 750
21 574 1 1250
21 107 1 500
21 575 1 1250
21 576 1 1250
21 110 1 750
21 577 1 1000
21 111 1 750
21 578 1 10500
21 579 1 1250
21 580 1 750
21 581 1 1000
21 115 1 500
21 582 1 1500
21 583 1 1000
21 584 1 750
21 585 1 4250
21 586 1 1000
21 253 1 750
21 587 1 1250
21 588 1 1250
21 121 1 500
21 589 1 2500
21 590 1 750
21 122 1 500
21 591 1 1000
21 592 1 1250
21 593 1 1250
21 594 1 1750
21 595 1 750
21 596 1 1250
21 597 1 500
21 598 1 1750
21 599 1 1000
21 600 1 1250
21 601 1 1000
21 126 1 500
21 127 1 500
21 602 1 1000
21 603 1 1000
21 604 1 1000
21 605 1 1250
21 606 1 1250
21 607 1 1000
21 608 1 750
21 345 1 750
21 609 1 750
21 131 1 750
21 610 1 1000
21 611 1 750
21 612 1 2000
21 613 1 4750
21 135 1 750
21 614 1 1000
21 615 1 1000
21 616 1 1000
21 137 1 750
21 617 1 1250
21 618 1 1250
21 619 1 1250
21 254 1 750
21 620 1 1500
21 205 1 1250
21 621 1 2250
21 622 1 1000
21 623 1 750
21 624 1 1250
21 625 1 1000
21 141 1 750
21 142 1 500
21 626 1 1250
21 627 1 1250
21 628 1 4000
21 629 1 1750
21 197 1 1500
21 630 1 1000
21 144 1 750
21 255 1 500
21 631 1 1250
21 632 1 2000
21 633 1 1000
21 634 1 1250
21 635 1 1000
21 636 1 1250
21 637 1 1000
21 638 1 1250
21 639 1 1000
21 640 1 1000
21 641 1 1750
21 642 1 1000
21 643 1 750
21 644 1 1500
21 645 1 1000
21 646 1 1500
21 647 1 1500
21 648 1 1250
21 649 1 1250
21 650 1 1000
21 151 1 1000
21 651 1 1000
21 652 1 1500
21 653 1 1000
21 654 1 1000
21 152 1 1000
21 387 1 1000
21 655 1 750
21 656 1 1000
21 657 1 1250
21 206 1 1250
21 658 1 1000
21 155 1 750
21 659 1 1250
21 660 1 1500
21 156 1 500
21 661 1 1250
21 157 1 750
21 662 1 1250
21 663 1 1000
21 664 1 1250
21 665 1 1000
21 666 1 750
21 667 1 1000
21 668 1 2000
21 669 1 1500
21 670 1 1750
21 671 1 3750
21 672 1 1000
21 673 1 1250
21 674 1 3250
21 675 1 750
21 676 1 750
21 677 1 1000
21 678 1 1000
21 679 1 750
21 680 1 1250
21 258 1 500
21 681 1 1250
21 682 1 1250
21 683 1 1250
21 684 1 1250
21 685 1 1000
21 686 1 1000
21 687 1 1000
21 688 1 750
21 689 1 1000
21 690 1 750
21 166 1 500
21 691 1 1250
21 692 1 1000
21 693 1 1250
21 694 1 1500
21 695 1 1250
21 696 1 1000
21 697 1 1250
21 698 1 1250
21 699 1 1000
21 700 1 750
21 701 1 1000
21 169 1 500
21 702 1 1000
21 170 1 750
21 703 1 1000
21 260 1 750
21 704 1 1250
21 172 1 750
21 705 1 1000
21 706 1 1000
21 707 1 1250
21 708 1 1000
21 709 1 1250
21 710 1 1250
21 711 1 1750
21 712 1 750
21 713 1 1000
21 714 1 1000
21 715 1 1750
21 716 1 1250
21 717 1 1000
21 718 1 1000
21 719 1 1000
21 720 1 1000
21 721 1 1250
22 541 1 500
24 224 1 2250
24 276 1 2500
24 187 1 1000
24 190 1 3000
24 222 1 1250
24 275 1 1750
24 377 1 2250
24 772 1 1500
24 227 1 1000
24 25 1 6750
24 26 1 3250
24 393 1 500
24 837 1 1000
24 838 1 4750
24 839 1 1500
24 283 1 3500
24 27 1 250
24 186 1 1500
24 395 1 750
24 31 1 3250
24 840 1 2750
24 841 1 750
24 842 1 1750
24 181 1 9500
24 843 1 10500
24 240 1 12250
24 289 1 1000
24 844 1 1500
24 34 1 5500
24 290 1 500
24 402 1 500
24 845 1 2000
24 846 1 9750
24 35 1 7500
24 36 1 500
24 405 1 500
24 847 1 1750
24 848 1 1000
24 293 1 5500
24 242 1 250
24 849 1 1000
24 850 1 1250
24 414 1 1750
24 851 1 1000
24 852 1 1000
24 39 1 250
24 40 1 750
24 295 1 250
24 853 1 2250
24 42 1 1000
24 854 1 1500
24 296 1 3000
24 855 1 1000
24 856 1 1500
24 857 1 1000
24 858 1 1500
24 859 1 1000
24 46 1 26250
24 860 1 750
24 861 1 2500
24 862 1 1750
24 863 1 1000
24 864 1 1250
24 417 1 500
24 783 1 9250
24 47 1 250
24 418 1 500
24 865 1 1000
24 420 1 750
24 866 1 1250
24 867 1 1000
24 50 1 250
24 421 1 1000
24 51 1 750
24 422 1 500
24 868 1 1000
24 869 1 1250
24 870 1 1000
24 871 1 2000
24 425 1 500
24 872 1 1000
24 873 1 1500
24 874 1 1250
24 55 1 1000
24 56 1 1250
24 57 1 1000
24 875 1 1250
24 298 1 250
24 299 1 750
24 330 1 500
24 300 1 500
24 331 1 14750
24 876 1 2500
24 877 1 14750
24 878 1 12000
24 879 1 11250
24 302 1 500
24 262 1 2000
24 880 1 1000
24 58 1 500
24 881 1 1250
24 382 1 750
24 882 1 750
24 60 1 4750
24 883 1 1500
24 884 1 1500
24 436 1 250
24 437 1 500
24 885 1 1000
24 886 1 1000
24 887 1 750
24 888 1 1000
24 889 1 750
24 890 1 1000
24 456 1 1000
24 891 1 1500
24 66 1 250
24 305 1 500
24 68 1 250
24 458 1 500
24 459 1 500
24 469 1 500
24 892 1 750
24 245 1 1000
24 473 1 500
24 474 1 500
24 893 1 3500
24 478 1 500
24 894 1 1250
24 895 1 3000
24 896 1 2250
24 897 1 2750
24 80 1 3250
24 495 1 2250
24 898 1 1250
24 268 1 1250
24 899 1 1250
24 81 1 500
24 335 1 3000
24 247 1 3500
24 499 1 250
24 900 1 750
24 901 1 1250
24 501 1 500
24 86 1 1000
24 504 1 500
24 509 1 750
24 510 1 250
24 902 1 750
24 903 1 1250
24 904 1 1250
24 905 1 1250
24 513 1 750
24 516 1 500
24 249 1 1250
24 517 1 500
24 87 1 1750
24 906 1 1000
24 907 1 1000
24 520 1 750
24 908 1 2000
24 909 1 3000
24 309 1 1000
24 910 1 1250
24 525 1 500
24 526 1 250
24 310 1 250
24 527 1 500
24 531 1 500
24 911 1 1000
24 912 1 1500
24 913 1 1250
24 533 1 500
24 535 1 500
24 914 1 1000
24 915 1 1250
24 916 1 1000
24 917 1 1500
24 918 1 1000
24 541 1 2750
24 919 1 1000
24 93 1 250
24 920 1 1000
24 546 1 500
24 921 1 750
24 922 1 1250
24 923 1 1000
24 552 1 9250
24 554 1 500
24 555 1 500
24 312 1 250
24 367 1 2000
24 924 1 1750
24 563 1 500
24 925 1 1000
24 565 1 750
24 105 1 2000
24 568 1 500
24 569 1 250
24 926 1 1000
24 927 1 750
24 107 1 250
24 108 1 750
24 928 1 750
24 929 1 3000
24 930 1 1250
24 115 1 250
24 583 1 500
24 584 1 500
24 586 1 500
24 587 1 500
24 823 1 750
24 588 1 750
24 931 1 1000
24 932 1 2250
24 120 1 750
24 590 1 250
24 933 1 2750
24 934 1 1250
24 935 1 1000
24 594 1 500
24 344 1 1000
24 936 1 1000
24 595 1 500
24 597 1 250
24 601 1 500
24 937 1 2500
24 602 1 500
24 938 1 750
24 939 1 1000
24 940 1 1000
24 784 1 2250
24 609 1 500
24 941 1 1000
24 942 1 1250
24 943 1 1250
24 944 1 1000
24 945 1 1000
24 946 1 750
24 947 1 1000
24 948 1 1500
24 136 1 750
24 949 1 1000
24 950 1 1000
24 951 1 1250
24 619 1 750
24 952 1 750
24 953 1 750
24 954 1 750
24 623 1 500
24 625 1 500
24 955 1 1750
24 956 1 1000
24 957 1 1000
24 958 1 1000
24 148 1 500
24 959 1 1000
24 960 1 1250
24 961 1 750
24 638 1 750
24 642 1 500
24 371 1 1750
24 962 1 1250
24 963 1 1250
24 652 1 1000
24 964 1 750
24 654 1 500
24 965 1 2000
24 152 1 500
24 966 1 1000
24 967 1 1000
24 968 1 1000
24 969 1 1000
24 970 1 750
24 971 1 750
24 972 1 1000
24 973 1 1000
24 974 1 1000
24 975 1 1250
24 675 1 250
24 676 1 250
24 159 1 500
24 976 1 1250
24 977 1 1250
24 978 1 1000
24 979 1 1000
24 980 1 1000
24 388 1 1000
24 981 1 1000
24 692 1 500
24 982 1 1000
24 983 1 1000
24 984 1 1750
24 694 1 500
24 985 1 1250
24 986 1 1750
24 700 1 500
24 701 1 750
24 987 1 1000
24 988 1 1500
24 989 1 1000
24 261 1 750
24 706 1 500
24 708 1 500
24 990 1 1750
24 174 1 750
24 991 1 750
24 992 1 750
25 224 1 250
25 275 1 250
25 276 1 250
25 176 1 2250
25 1030 1 5000
25 1036 1 2750
25 802 1 2750
25 804 1 2500
25 1022 1 1750
25 1024 1 2250
25 1028 1 1750
25 1035 1 6000
25 1038 1 1500
25 1040 1 1500
25 1041 1 1000
25 1042 1 2500
25 1046 1 1250
25 1047 1 2750
25 1049 1 5250
25 1057 1 1250
25 1058 1 1250
25 1059 1 1250
25 1060 1 1250
25 1061 1 1500
25 1062 1 1000
25 26 1 500
25 281 1 250
25 283 1 250
25 31 1 500
25 238 1 500
25 240 1 2250
25 289 1 250
25 34 1 1000
25 242 1 250
25 295 1 250
25 296 1 500
25 46 1 8250
25 300 1 250
25 301 1 250
25 331 1 2000
25 302 1 250
25 332 1 250
25 333 1 250
25 60 1 750
25 303 1 250
25 304 1 250
25 66 1 250
25 305 1 250
25 485 1 500
25 87 1 250
25 309 1 250
25 311 1 250
26 265 1 500
26 224 1 250
26 275 1 250
26 276 1 250
26 235 1 250
26 195 1 500
26 219 1 1250
26 283 1 250
26 31 1 250
26 181 1 750
26 240 1 750
26 289 1 250
26 1065 1 750
26 290 1 250
26 35 1 500
26 293 1 250
26 242 1 250
26 416 1 750
26 46 1 2750
26 55 1 250
26 300 1 250
26 301 1 250
26 331 1 1250
26 302 1 250
26 333 1 250
26 60 1 250
26 1066 1 1000
26 887 1 250
26 61 1 250
26 448 1 250
26 304 1 250
26 463 1 750
26 75 1 250
26 485 1 250
26 79 1 250
26 80 1 250
26 335 1 250
26 247 1 250
26 308 1 250
26 514 1 500
26 518 1 500
26 309 1 250
26 1067 1 1250
26 310 1 250
26 530 1 500
26 542 1 250
26 101 1 250
26 1068 1 750
26 1069 1 1500
26 233 1 1000
26 1070 1 1000
26 1071 1 1250
26 1072 1 750
26 653 1 500
26 1073 1 750
26 162 1 500
26 680 1 500
26 1074 1 1250
26 1075 1 1500
26 1076 1 1000
27 105 1 250
28 224 1 250
29 275 1 2500
29 352 1 1250
29 775 1 500
29 353 1 2250
29 748 1 1000
29 766 1 750
30 309 1 250
31 235 1 250
31 397 1 250
31 181 1 1250
31 1065 1 500
31 1156 1 1250
31 1157 1 1000
31 414 1 250
31 857 1 250
31 46 1 3500
31 871 1 500
31 440 1 500
31 888 1 500
31 1158 1 750
31 78 1 500
31 249 1 250
31 1159 1 500
31 1160 1 750
31 1161 1 1000
31 1162 1 1250
31 1163 1 1000
31 1164 1 1250
31 109 1 500
31 343 1 250
31 132 1 250
31 616 1 250
31 1165 1 1000
31 1166 1 1000
31 1167 1 750
31 1168 1 1250
31 665 1 500
31 1169 1 1000
31 1170 1 1250
31 684 1 250
31 1171 1 1000
31 981 1 250
31 696 1 250
31 709 1 500
31 716 1 500
32 1195 1 750
32 349 1 500
33 234 1 1000
34 223 1 750
34 1043 1 1250
34 1118 1 4250
34 815 1 2500
34 35 1 750
34 46 1 6750
34 74 1 250
34 1294 1 1000
34 78 1 1000
34 1295 1 4250
34 1296 1 2000
34 1297 1 1000
34 1298 1 1000
34 1299 1 750
34 1300 1 1000
34 1301 1 1250
34 1302 1 1000
34 1303 1 1000
34 1304 1 1250
34 1305 1 1250
34 1306 1 1000
34 1307 1 1500
34 1308 1 1000
34 1309 1 1250
34 1310 1 1000
34 1311 1 1000
34 1312 1 1250
34 1313 1 1000
34 1314 1 1250
34 1315 1 1000
35 224 1 250
35 275 1 250
35 276 1 500
35 235 1 250
35 724 1 3750
35 281 1 250
35 240 1 2250
35 289 1 250
35 290 1 250
35 194 1 500
35 377 1 500
35 181 1 1500
35 403 1 2250
35 324 1 250
35 37 1 1500
35 293 1 750
35 849 1 250
35 295 1 250
35 296 1 500
35 416 1 250
35 45 1 250
35 1356 1 1000
35 1357 1 3750
35 49 1 250
35 1358 1 1000
35 297 1 250
35 424 1 500
35 427 1 500
35 428 1 250
35 55 1 250
35 298 1 250
35 299 1 250
35 330 1 250
35 380 1 250
35 300 1 250
35 301 1 250
35 430 1 1000
35 331 1 2250
35 302 1 250
35 433 1 500
35 333 1 250
35 1359 1 1250
35 445 1 500
35 303 1 250
35 1206 1 750
35 304 1 250
35 66 1 250
35 305 1 250
35 463 1 250
35 271 1 1250
35 892 1 250
35 245 1 500
35 75 1 250
35 483 1 500
35 334 1 500
35 77 1 250
35 485 1 250
35 78 1 1000
35 486 1 250
35 79 1 250
35 489 1 500
35 897 1 750
35 1360 1 1000
35 80 1 750
35 496 1 250
35 335 1 500
35 83 1 500
35 247 1 750
35 384 1 1000
35 308 1 250
35 514 1 250
35 1361 1 1000
35 87 1 500
35 1015 1 750
35 88 1 500
35 309 1 250
35 1067 1 500
35 310 1 250
35 311 1 250
35 1234 1 750
35 336 1 250
35 531 1 250
35 338 1 500
35 92 1 250
35 1362 1 2000
35 339 1 250
35 312 1 250
35 558 1 1000
35 101 1 250
35 1363 1 2250
35 573 1 250
35 313 1 250
35 342 1 500
35 343 1 250
35 592 1 750
35 936 1 500
35 314 1 250
35 622 1 500
35 829 1 1000
35 1364 1 2000
35 637 1 500
35 256 1 250
35 386 1 1000
35 346 1 500
35 347 1 500
35 242 1 250
35 46 1 8500
36 46 1 250
37 1006 1 1500
37 727 1 3000
37 181 1 1750
37 274 1 500
37 279 1 250
37 401 1 500
37 1066 1 500
37 738 1 750
37 1094 1 1000
37 78 1 500
37 1386 1 1000
37 741 1 750
37 780 1 750
37 1008 1 3000
37 1009 1 1000
37 1387 1 750
37 1334 1 1000
37 749 1 1000
37 1388 1 750
37 752 1 2000
37 754 1 1000
37 1010 1 1250
37 1389 1 1250
37 581 1 250
37 756 1 500
37 1390 1 1500
37 1143 1 1500
37 1391 1 1500
37 552 1 2500
38 282 1 2000
38 394 1 250
38 292 1 500
38 411 1 500
38 1409 1 1000
38 1410 1 750
38 1343 1 750
38 1411 1 750
38 1412 1 1250
38 1413 1 1000
38 1414 1 750
38 1415 1 1500
38 1416 1 1250
38 264 1 1750
38 1417 1 1000
40 46 1 750
40 1449 1 1000
42 184 1 750
44 715 1 750
45 312 1 250
46 224 1 2000
46 275 1 1750
46 276 1 2250
46 283 1 2250
46 181 1 9250
46 240 1 11750
46 289 1 750
46 290 1 750
46 242 1 500
46 854 1 750
46 296 1 2750
46 777 1 1000
46 185 1 2000
46 190 1 1500
46 194 1 1250
46 200 1 2250
46 389 1 500
46 199 1 8250
46 218 1 1250
46 223 1 1250
46 202 1 3000
46 319 1 1750
46 320 1 3750
46 369 1 2500
46 775 1 1250
46 812 1 2000
46 778 1 1000
46 814 1 18000
46 272 1 2500
46 836 1 2750
46 993 1 7750
46 322 1 3500
46 724 1 5500
46 1476 1 1250
46 1064 1 1750
46 281 1 250
46 837 1 750
46 394 1 500
46 1144 1 3000
46 1147 1 1000
46 1477 1 1750
46 395 1 750
46 1153 1 1500
46 840 1 1500
46 841 1 500
46 397 1 500
46 1187 1 12750
46 1195 1 6750
46 1196 1 1500
46 843 1 4750
46 1200 1 6250
46 239 1 2250
46 1175 1 5250
46 813 1 2000
46 1119 1 12000
46 402 1 250
46 404 1 750
46 405 1 500
46 1117 1 1000
46 1044 1 2000
46 409 1 750
46 1394 1 1000
46 849 1 500
46 1458 1 1250
46 413 1 500
46 852 1 750
46 295 1 250
46 853 1 1750
46 1478 1 1750
46 855 1 750
46 857 1 500
46 1470 1 5750
46 860 1 500
46 861 1 1500
46 863 1 750
46 1479 1 1250
46 1346 1 1250
46 47 1 250
46 1480 1 2000
46 418 1 500
46 419 1 500
46 48 1 500
46 49 1 500
46 1481 1 1000
46 865 1 750
46 867 1 500
46 421 1 750
46 768 1 3750
46 423 1 750
46 868 1 750
46 869 1 750
46 870 1 750
46 1482 1 6500
46 52 1 750
46 54 1 500
46 872 1 750
46 873 1 1000
46 874 1 750
46 55 1 1500
46 875 1 750
46 298 1 250
46 299 1 1000
46 1483 1 1500
46 330 1 500
46 381 1 1750
46 300 1 1000
46 301 1 500
46 302 1 500
46 1258 1 1000
46 431 1 500
46 880 1 500
46 58 1 500
46 382 1 500
46 332 1 250
46 1484 1 1500
46 882 1 500
46 333 1 1250
46 435 1 750
46 60 1 5250
46 884 1 1250
46 436 1 250
46 383 1 1250
46 1485 1 4750
46 886 1 500
46 441 1 500
46 887 1 500
46 442 1 750
46 443 1 500
46 446 1 750
46 1027 1 1250
46 448 1 500
46 1063 1 1750
46 451 1 750
46 303 1 250
46 452 1 750
46 1154 1 1500
46 890 1 750
46 455 1 500
46 456 1 1000
46 304 1 250
46 66 1 250
46 305 1 500
46 67 1 750
46 68 1 250
46 244 1 750
46 460 1 500
46 1486 1 1000
46 462 1 3500
46 1487 1 4750
46 1488 1 1750
46 1489 1 1250
46 1207 1 1000
46 1211 1 1000
46 463 1 2000
46 464 1 1000
46 1490 1 1250
46 1491 1 1500
46 1492 1 750
46 1493 1 1250
46 1494 1 4000
46 1495 1 2750
46 1496 1 1000
46 1497 1 1250
46 467 1 500
46 1498 1 1250
46 74 1 3750
46 469 1 250
46 472 1 500
46 892 1 500
46 246 1 750
46 75 1 250
46 893 1 2750
46 477 1 500
46 1466 1 1000
46 479 1 500
46 231 1 2250
46 481 1 500
46 1499 1 1750
46 1500 1 3750
46 1501 1 1250
46 77 1 2500
46 306 1 1000
46 1502 1 2250
46 307 1 17500
46 1503 1 1250
46 1399 1 1250
46 1425 1 2500
46 745 1 3000
46 1400 1 1000
46 1138 1 3750
46 80 1 3750
46 495 1 2250
46 1504 1 2500
46 898 1 750
46 1505 1 1250
46 335 1 3750
46 247 1 3250
46 1506 1 1250
46 900 1 500
46 1507 1 1250
46 501 1 250
46 504 1 500
46 1508 1 1250
46 510 1 250
46 1509 1 1000
46 902 1 500
46 904 1 1000
46 1510 1 1750
46 1264 1 1000
46 516 1 500
46 1159 1 750
46 517 1 750
46 1511 1 1000
46 87 1 2750
46 906 1 500
46 1512 1 2000
46 907 1 500
46 521 1 750
46 1513 1 1000
46 909 1 1250
46 522 1 500
46 309 1 1000
46 526 1 250
46 250 1 500
46 310 1 250
46 89 1 750
46 528 1 500
46 1160 1 750
46 91 1 500
46 188 1 1500
46 914 1 750
46 1514 1 1750
46 916 1 750
46 785 1 6000
46 918 1 500
46 541 1 3250
46 542 1 250
46 1515 1 1000
46 543 1 750
46 1183 1 1750
46 547 1 500
46 1265 1 1500
46 94 1 250
46 921 1 500
46 385 1 1000
46 551 1 500
46 1516 1 1750
46 923 1 500
46 552 1 7750
46 554 1 250
46 1517 1 1750
46 556 1 1000
46 312 1 500
46 558 1 2250
46 99 1 250
46 100 1 750
46 101 1 250
46 1518 1 1000
46 561 1 750
46 1519 1 1000
46 1456 1 1250
46 1034 1 1250
46 1520 1 6750
46 925 1 750
46 564 1 500
46 103 1 750
46 1521 1 4000
46 1522 1 1250
46 105 1 1750
46 566 1 750
46 568 1 500
46 569 1 250
46 1523 1 1000
46 570 1 750
46 926 1 750
46 1524 1 1500
46 572 1 750
46 927 1 500
46 1525 1 1000
46 577 1 500
46 1526 1 1750
46 1527 1 1500
46 1528 1 1000
46 1411 1 3750
46 580 1 500
46 1529 1 1250
46 1100 1 750
46 1530 1 1500
46 1403 1 3000
46 1531 1 6000
46 1532 1 1000
46 1533 1 1750
46 756 1 750
46 928 1 500
46 930 1 500
46 115 1 250
46 584 1 500
46 1284 1 1250
46 116 1 750
46 823 1 500
46 588 1 500
46 118 1 500
46 590 1 500
46 933 1 1500
46 935 1 750
46 594 1 500
46 596 1 750
46 597 1 250
46 1534 1 1000
46 599 1 750
46 832 1 1250
46 368 1 1250
46 1068 1 750
46 125 1 750
46 603 1 500
46 604 1 750
46 607 1 500
46 1535 1 1250
46 608 1 500
46 938 1 500
46 939 1 750
46 345 1 500
46 609 1 500
46 941 1 750
46 1536 1 1250
46 132 1 500
46 611 1 500
46 945 1 750
46 134 1 750
46 946 1 500
46 1537 1 1750
46 1538 1 3750
46 616 1 500
46 1539 1 1750
46 1540 1 1000
46 952 1 500
46 953 1 500
46 954 1 500
46 623 1 250
46 956 1 750
46 1541 1 1250
46 1542 1 2000
46 143 1 500
46 1543 1 1250
46 957 1 500
46 1544 1 1250
46 1070 1 750
46 255 1 500
46 1167 1 1000
46 1545 1 1250
46 961 1 500
46 1114 1 2000
46 1271 1 1250
46 639 1 500
46 1546 1 1250
46 643 1 500
46 150 1 750
46 1072 1 500
46 650 1 500
46 964 1 500
46 152 1 750
46 966 1 750
46 387 1 750
46 655 1 500
46 656 1 750
46 657 1 750
46 967 1 750
46 658 1 500
46 970 1 500
46 971 1 500
46 972 1 500
46 156 1 250
46 663 1 750
46 667 1 500
46 1108 1 1000
46 1547 1 6500
46 1548 1 1500
46 1549 1 1250
46 1550 1 1250
46 1551 1 1000
46 675 1 250
46 676 1 250
46 1073 1 500
46 678 1 750
46 679 1 500
46 160 1 750
46 161 1 1000
46 258 1 250
46 164 1 750
46 977 1 750
46 978 1 750
46 165 1 750
46 1552 1 1250
46 979 1 750
46 1285 1 1000
46 688 1 500
46 689 1 750
46 690 1 750
46 1553 1 1750
46 983 1 500
46 693 1 750
46 1186 1 1750
46 697 1 750
46 1279 1 1250
46 1554 1 1250
46 702 1 500
46 987 1 750
46 704 1 750
46 1555 1 1250
46 1281 1 1000
46 1556 1 1250
46 712 1 500
46 1286 1 1000
46 1282 1 1000
46 713 1 750
46 717 1 500
46 718 1 750
46 991 1 500
46 719 1 750
46 1557 1 2000
49 55 1 250
49 1015 1 250
49 567 1 500
49 60 1 250
51 1536 1 500
52 545 1 500
53 541 1 250
53 152 1 250
54 558 1 250
55 275 1 250
55 276 1 250
55 235 1 250
55 181 1 500
55 240 1 500
55 242 1 250
55 854 1 250
55 416 1 250
55 265 1 250
55 321 1 500
55 845 1 500
55 733 1 500
55 1037 1 1000
55 297 1 250
55 56 1 250
55 60 1 250
55 303 1 250
55 304 1 250
55 78 1 250
55 897 1 250
55 80 1 250
55 83 1 250
55 87 1 250
55 1015 1 250
55 309 1 250
55 527 1 250
55 1234 1 250
55 336 1 250
55 531 1 250
55 338 1 250
55 558 1 250
55 1578 1 1250
55 253 1 250
55 314 1 250
55 829 1 250
55 1467 1 1500
55 973 1 500
55 158 1 500
56 1579 1 1250
56 1580 1 1000
57 218 1 500
57 1581 1 750
59 572 1 250
60 275 1 250
60 235 1 250
60 394 1 250
60 290 1 250
60 1157 1 500
60 434 1 500
60 436 1 250
60 885 1 500
60 439 1 500
60 303 1 250
60 1206 1 250
60 459 1 250
60 1496 1 500
60 472 1 250
60 484 1 250
60 78 1 750
60 487 1 250
60 1124 1 750
60 1612 1 1000
60 247 1 250
60 901 1 500
60 269 1 1250
60 1613 1 1250
60 507 1 500
60 903 1 500
60 515 1 500
60 1234 1 250
60 1362 1 750
60 1515 1 250
60 545 1 250
60 1614 1 1000
60 1265 1 250
60 1615 1 1000
60 1161 1 500
60 558 1 250
60 1445 1 1250
60 1523 1 500
60 1616 1 750
60 1524 1 500
60 575 1 500
60 582 1 250
60 121 1 250
60 591 1 500
60 593 1 500
60 595 1 250
60 605 1 500
60 614 1 250
60 1115 1 1250
60 1617 1 1000
60 1618 1 1250
60 1167 1 250
60 1545 1 500
60 1619 1 1500
60 1620 1 1500
60 1621 1 1500
60 1622 1 1500
60 1623 1 1000
60 698 1 500
60 1624 1 1250
60 710 1 500
60 1625 1 1250
64 1301 1 500
64 1302 1 250
66 393 1 250
66 78 1 250
66 91 1 250
68 176 1 250
69 877 1 750
69 1635 1 1250
70 1470 1 1250
70 1573 1 1000
70 480 1 750
70 1576 1 1000
71 877 1 1000
71 1646 1 750
71 1318 1 1250
71 1647 1 1000
71 1541 1 500
71 1719 1 1250
71 1593 1 750
72 883 1 500
73 881 1 500
73 1649 1 1000
73 1623 1 500
74 878 1 500
74 1628 1 1000
74 1650 1 1000
74 1651 1 1000
74 1652 1 1000
74 1719 1 1750
75 181 1 250
75 245 1 250
75 78 1 250
77 282 1 500
77 727 1 1250
77 181 1 250
77 780 1 250
77 1586 1 750
77 581 1 250
77 130 1 500
78 224 1 500
78 1000 1 500
78 724 1 250
78 281 1 250
78 282 1 2750
78 726 1 1500
78 1083 1 1000
78 289 1 250
78 728 1 2750
78 290 1 250
78 1119 1 1250
78 732 1 1000
78 295 1 250
78 296 1 250
78 416 1 250
78 298 1 250
78 299 1 250
78 300 1 250
78 301 1 250
78 302 1 250
78 305 1 250
78 245 1 250
78 334 1 250
78 1677 1 1000
78 486 1 250
78 780 1 1250
78 1001 1 750
78 489 1 250
78 1678 1 1250
78 1122 1 2000
78 745 1 250
78 1679 1 1000
78 80 1 1250
78 247 1 250
78 1361 1 500
78 310 1 250
78 311 1 250
78 338 1 250
78 92 1 250
78 339 1 250
78 312 1 250
78 101 1 250
78 573 1 250
78 313 1 250
78 757 1 1750
78 256 1 250
78 1106 1 1000
78 1003 1 750
78 1680 1 500
78 347 1 250
79 282 1 250
79 727 1 1000
79 181 1 250
79 294 1 250
79 780 1 250
79 1684 1 1250
80 224 1 250
80 176 1 250
80 182 1 500
80 198 1 500
80 217 1 1000
80 225 1 250
80 281 1 250
80 1184 1 3000
80 846 1 750
80 1691 1 1000
80 1692 1 1250
80 1567 1 1750
80 871 1 250
80 889 1 500
80 1206 1 250
80 1693 1 1250
80 1513 1 250
80 232 1 500
80 338 1 250
80 919 1 500
80 544 1 500
80 1614 1 500
80 1615 1 500
80 1462 1 1000
80 562 1 250
80 106 1 500
80 571 1 500
80 342 1 250
80 784 1 500
80 1654 1 1250
80 624 1 500
80 1694 1 1000
80 1056 1 1250
80 1695 1 1500
80 1655 1 1000
81 1046 1 500
83 1703 1 750
84 1497 1 500
84 814 1 1750
84 1644 1 500
84 1321 1 1000
84 382 1 250
84 1632 1 2250
84 820 1 1500
84 1599 1 1000
84 1708 1 1250
84 1719 1 1500
85 912 1 750
85 1053 1 1250
85 1055 1 1250
86 681 1 500
87 305 1 250
87 856 1 500
87 471 1 500
87 1294 1 500
87 247 1 250
87 1297 1 500
87 1298 1 500
87 540 1 500
87 1455 1 1000
87 1299 1 500
87 1300 1 500
87 1301 1 500
87 1302 1 500
87 1303 1 750
87 1304 1 750
87 1305 1 500
87 1306 1 500
87 1307 1 750
87 1525 1 250
87 1711 1 1750
87 959 1 250
87 1308 1 500
87 1309 1 500
87 1310 1 500
87 1311 1 500
87 1312 1 500
87 1313 1 500
87 1314 1 500
87 1315 1 500
87 677 1 500
89 859 1 500
89 535 1 250
89 1719 1 250
91 249 1 250
92 296 1 250
92 829 1 250
93 305 1 250
98 1504 1 500
101 1719 1 1000
102 1546 1 500
104 878 1 500
105 814 1 1500
105 1006 1 2250
105 1204 1 3750
105 334 1 250
107 336 1 250
110 300 1 250
112 348 1 500
112 780 1 500
112 810 1 1750
112 1719 1 250
113 1395 1 3250
113 722 1 1750
113 806 1 3750
113 408 1 1000
113 292 1 500
113 1396 1 1750
113 1729 1 750
113 1404 1 1250
113 1719 1 500
114 1156 1 500
114 1424 1 1500
114 763 1 1000
114 1732 1 2000
114 1547 1 500
117 240 1 500
118 256 1 250
119 223 1 250
120 256 1 250
121 296 1 250
124 289 1 500
124 309 1 250
127 347 1 250
128 305 1 500
129 240 1 500
133 299 1 500
133 1509 1 500
138 427 1 500
139 1567 1 1000
140 1485 1 500
143 256 1 250
145 871 1 250
146 893 1 500
147 190 1 500
152 429 1 500
152 494 1 500
152 664 1 250
153 335 1 500
154 1504 1 500
163 240 1 500
167 549 1 750
168 240 1 500
171 616 1 500
173 1295 1 500
181 224 1 500
181 283 1 500
181 1194 1 1250
181 1195 1 1750
181 1196 1 500
181 349 1 1500
181 1197 1 2500
181 843 1 500
181 1198 1 1000
181 1199 1 1000
181 1200 1 1000
181 1201 1 1250
181 1202 1 1000
181 1203 1 1000
181 240 1 2750
181 289 1 250
181 241 1 750
181 815 1 1500
181 290 1 250
181 1204 1 2250
181 293 1 500
181 242 1 250
181 860 1 250
181 297 1 250
181 299 1 250
181 300 1 250
181 301 1 250
181 302 1 250
181 333 1 250
181 1205 1 1250
181 303 1 250
181 1206 1 250
181 305 1 250
181 1207 1 750
181 1208 1 1000
181 1209 1 1250
181 1210 1 1000
181 1211 1 500
181 1212 1 1500
181 1213 1 1500
181 1214 1 1000
181 1215 1 1250
181 1216 1 1250
181 1217 1 1250
181 1218 1 1000
181 1219 1 1000
181 463 1 250
181 1220 1 1250
181 1221 1 1000
181 1222 1 1000
181 1223 1 1500
181 1224 1 1000
181 1225 1 1000
181 1226 1 1750
181 1227 1 1250
181 1228 1 1500
181 1229 1 3250
181 1230 1 2250
181 1231 1 1250
181 1232 1 3500
181 1233 1 1000
181 496 1 250
181 335 1 500
181 247 1 750
181 308 1 250
181 1015 1 250
181 310 1 250
181 1234 1 500
181 312 1 250
181 343 1 250
181 622 1 250
181 1235 1 1000
181 1236 1 2000
181 1237 1 1250
181 1238 1 1000
181 1239 1 1250
181 829 1 500
181 347 1 250
330 334 1 250
276 372 1 750
276 373 1 750
276 374 1 1500
276 375 1 750
276 314 1 250
276 376 1 1500
348 777 1 250
348 778 1 250
348 727 1 250
348 779 1 500
348 780 1 250
348 781 1 750
348 552 1 250
236 727 1 250
236 780 1 250
236 257 1 250
236 282 1 250
282 778 1 250
282 993 1 1500
282 1000 1 500
282 1006 1 1250
282 724 1 250
282 726 1 750
282 1080 1 2250
282 1081 1 750
282 1082 1 1250
282 1083 1 750
282 1084 1 1500
282 1085 1 1000
282 1086 1 500
282 1087 1 4500
282 729 1 750
282 1088 1 1750
282 1089 1 1750
282 733 1 250
282 1090 1 1250
282 1091 1 1500
282 292 1 2000
282 1092 1 1000
282 294 1 500
282 736 1 750
282 331 1 4250
282 1066 1 250
282 307 1 1500
282 1093 1 2500
282 1094 1 500
282 1095 1 2750
282 486 1 250
282 1001 1 500
282 1009 1 500
282 1096 1 500
282 1097 1 1000
282 1098 1 1000
282 496 1 250
282 335 1 1250
282 1099 1 750
282 578 1 1500
282 580 1 250
282 1100 1 250
282 1101 1 750
282 1102 1 250
282 1103 1 1500
282 1104 1 1500
282 1105 1 750
282 1106 1 500
282 1003 1 250
282 346 1 250
282 1107 1 1000
282 1108 1 500
282 1109 1 500
282 1012 1 1000
282 283 1 2500
768 1022 1 500
768 1572 1 2000
768 1708 1 750
240 283 1 500
240 272 1 500
240 1080 1 5250
240 1083 1 1500
240 405 1 250
240 407 1 500
240 331 1 3500
240 1258 1 500
240 1259 1 1000
240 1260 1 1000
240 1158 1 500
240 479 1 250
240 1261 1 1250
240 334 1 1000
240 355 1 1750
240 739 1 2000
240 740 1 1250
240 1262 1 5000
240 1263 1 4250
240 1096 1 1000
240 496 1 250
240 902 1 250
240 1264 1 750
240 524 1 500
240 309 1 250
240 529 1 500
240 336 1 500
240 535 1 250
240 914 1 250
240 1265 1 500
240 1266 1 1000
240 559 1 500
240 560 1 250
240 370 1 1500
240 1267 1 2250
240 1129 1 6750
240 1268 1 1250
240 1269 1 1750
240 1102 1 750
240 1270 1 1000
240 591 1 250
240 600 1 500
240 601 1 250
240 949 1 500
240 950 1 500
240 615 1 500
240 833 1 1000
240 1192 1 1750
240 1271 1 750
240 640 1 500
240 1272 1 1250
240 644 1 500
240 648 1 500
240 1273 1 1500
240 651 1 250
240 1274 1 1000
240 662 1 500
240 666 1 250
240 1011 1 2250
240 1275 1 1250
240 1276 1 1750
240 1277 1 1250
240 1137 1 1250
240 1278 1 1000
240 673 1 500
240 675 1 250
240 834 1 1250
240 686 1 500
240 687 1 500
240 980 1 500
240 1171 1 750
240 691 1 500
240 1279 1 500
240 699 1 500
240 1280 1 1750
240 703 1 500
240 1281 1 500
240 1282 1 500
240 714 1 500
240 720 1 250
240 992 1 250
199 214 1 1000
199 215 1 500
199 216 1 1750
199 217 1 250
199 218 1 250
199 219 1 500
199 220 1 1500
199 221 1 250
199 222 1 250
199 223 1 250
199 224 1 500
199 225 1 250
199 226 1 750
199 227 1 500
199 228 1 1750
199 229 1 1500
199 230 1 3750
199 231 1 500
199 232 1 250
199 233 1 250
199 234 1 750
224 267 1 1250
224 315 1 4500
224 276 1 250
224 348 1 1750
224 349 1 1000
224 350 1 1250
224 351 1 1250
235 850 1 250
235 860 1 250
235 298 1 250
235 305 1 250
235 247 1 250
235 1015 1 250
235 256 1 250
237 310 1 500
238 1058 1 500
239 282 1 500
239 727 1 250
239 843 1 750
239 1095 1 2000
239 780 1 250
239 301 1 250
241 843 1 250
242 897 1 250
242 497 1 250
242 1445 1 500
243 426 1 750
245 296 1 250
245 861 1 250
245 330 1 250
245 437 1 250
245 1369 1 750
245 453 1 500
245 515 1 250
245 1161 1 250
245 829 1 250
245 631 1 500
245 1168 1 500
245 1155 1 1250
246 414 1 250
247 334 1 250
247 845 1 250
247 1691 1 500
247 1692 1 750
247 854 1 250
247 428 1 250
247 301 1 250
247 442 1 250
247 889 1 250
247 1260 1 500
247 476 1 500
247 1261 1 500
247 1508 1 500
247 903 1 250
247 1657 1 2000
247 922 1 500
247 312 1 250
247 576 1 500
247 1704 1 1000
247 1448 1 750
247 1534 1 500
247 1540 1 250
247 1581 1 750
247 1165 1 500
247 1166 1 500
247 1694 1 500
247 634 1 500
247 659 1 500
247 666 1 250
247 1550 1 500
247 1705 1 1000
247 1449 1 1000
247 1697 1 750
248 1510 1 1000
249 1113 1 1500
249 1369 1 250
249 425 1 250
249 519 1 250
249 940 1 500
249 1168 1 250
251 289 1 250
256 313 1 250
256 1544 1 500
259 856 1 500
817 1323 1 750
274 355 1 500
274 356 1 750
274 357 1 500
274 282 1 250
275 361 1 1000
275 362 1 1750
277 390 1 1000
277 722 1 1750
277 723 1 2250
277 279 1 250
277 724 1 1000
277 725 1 750
277 282 1 3250
277 726 1 500
277 727 1 3000
277 284 1 750
277 728 1 1500
277 401 1 250
277 324 1 250
277 729 1 750
277 730 1 2250
277 409 1 250
277 731 1 1500
277 732 1 500
277 733 1 250
277 410 1 500
277 292 1 2000
277 411 1 500
277 734 1 2000
277 735 1 2500
277 294 1 250
277 412 1 250
277 736 1 750
277 331 1 3500
277 737 1 5500
277 485 1 250
277 738 1 750
277 739 1 750
277 740 1 500
277 486 1 250
277 741 1 1000
277 742 1 1250
277 743 1 1000
277 488 1 250
277 489 1 250
277 744 1 2000
277 491 1 500
277 745 1 500
277 746 1 750
277 747 1 1000
277 559 1 250
277 748 1 1000
277 749 1 500
277 750 1 1250
277 751 1 1000
277 752 1 1250
277 753 1 1000
277 754 1 750
277 755 1 7750
277 756 1 250
277 757 1 500
277 758 1 500
277 759 1 1250
277 760 1 1000
277 761 1 1000
277 762 1 750
277 763 1 1250
277 764 1 2500
277 765 1 1250
277 766 1 1000
277 767 1 750
278 774 1 1000
280 1077 1 1000
280 1078 1 1000
280 1079 1 6000
280 728 1 500
283 348 1 250
283 1000 1 750
283 726 1 1250
283 1081 1 1250
283 728 1 2250
283 1086 1 1000
283 1117 1 500
283 412 1 250
284 315 1 750
284 799 1 1000
284 801 1 1250
284 1118 1 500
284 294 1 250
284 1095 1 250
284 1141 1 1000
284 747 1 500
284 307 1 250
285 1142 1 1000
285 1089 1 500
286 1134 1 1250
286 1143 1 750
287 291 1 750
288 1175 1 750
288 1176 1 750
288 1177 1 2500
288 1178 1 1250
288 742 1 750
288 1179 1 500
288 1180 1 750
288 669 1 500
288 1181 1 750
288 1182 1 750
288 1547 1 250
289 334 1 250
289 1125 1 1500
289 897 1 250
289 574 1 500
289 1284 1 500
289 630 1 500
289 1285 1 500
289 1286 1 500
290 1261 1 250
290 503 1 250
290 626 1 500
290 960 1 500
291 334 1 250
292 776 1 1000
292 800 1 750
292 724 1 500
292 1174 1 1500
292 728 1 250
292 806 1 1500
292 411 1 250
292 1395 1 1750
292 1396 1 1250
292 1397 1 1250
292 1398 1 4500
292 334 1 500
292 1399 1 500
292 1001 1 250
292 745 1 250
292 1400 1 250
292 1401 1 2750
292 1402 1 2500
292 781 1 500
292 1403 1 500
292 1101 1 750
292 1404 1 750
293 1345 1 2250
293 1384 1 4000
293 780 1 1500
293 1425 1 500
293 1007 1 1000
293 1426 1 1250
293 1427 1 2250
293 1428 1 1250
293 1429 1 1750
293 331 1 500
294 722 1 250
294 1433 1 1250
294 1141 1 500
294 1729 1 750
296 724 1 250
296 1457 1 1000
296 733 1 250
296 1458 1 500
296 851 1 500
296 416 1 250
296 330 1 250
296 1259 1 500
296 779 1 1000
296 462 1 500
296 334 1 250
296 485 1 250
296 1386 1 1250
296 1124 1 500
296 1387 1 750
296 1459 1 1500
296 1460 1 1250
296 1361 1 250
296 538 1 500
296 1461 1 1250
296 548 1 250
296 1462 1 750
296 313 1 250
296 1388 1 1000
296 1169 1 500
296 682 1 250
299 772 1 500
299 1483 1 500
299 499 1 250
299 1522 1 500
299 944 1 500
299 958 1 250
299 1071 1 500
299 649 1 500
299 685 1 250
300 1582 1 1250
300 942 1 500
300 1583 1 1750
301 1518 1 500
301 677 1 250
301 705 1 250
301 541 1 250
302 532 1 500
302 553 1 500
302 646 1 500
303 375 1 750
303 1554 1 500
305 537 1 500
305 627 1 250
306 1664 1 1250
306 336 1 250
307 1147 1 500
307 1119 1 750
307 1665 1 4500
307 1666 1 3000
307 1667 1 1750
307 1668 1 750
307 1401 1 2250
307 781 1 750
307 1669 1 3250
307 1670 1 2750
307 1671 1 3750
307 1672 1 1250
307 1673 1 2250
307 1100 1 250
307 1337 1 4750
307 1341 1 750
307 1674 1 2000
308 310 1 250
309 1188 1 1250
309 672 1 500
309 1703 1 750
309 785 1 500
310 416 1 250
310 1680 1 500
312 866 1 500
312 433 1 250
312 1360 1 500
312 1362 1 250
312 1363 1 750
312 343 1 250
312 622 1 250
312 347 1 250
313 1369 1 250
313 336 1 250
313 334 1 250
314 372 1 500
314 373 1 500
331 1326 1 4500
331 1086 1 250
331 1087 1 4250
331 1440 1 1250
331 412 1 250
331 876 1 750
331 1584 1 1500
331 877 1 4250
331 878 1 2250
331 879 1 1500
331 444 1 250
331 1585 1 1250
331 770 1 750
331 1323 1 3500
331 483 1 250
331 780 1 2000
331 1344 1 2000
331 1586 1 750
331 1141 1 2000
331 1352 1 3250
331 1587 1 1750
331 1588 1 1750
331 1589 1 5500
331 1336 1 750
331 1590 1 3250
331 1591 1 3250
331 1592 1 3000
331 943 1 500
331 1593 1 1000
331 1594 1 1500
331 758 1 250
331 1595 1 3000
331 1596 1 1000
331 1275 1 500
331 767 1 750
179 180 1 500
179 186 1 500
182 183 1 250
182 199 1 250
182 272 1 250
194 195 1 250
194 196 1 1500
194 197 1 500
198 199 1 250
265 266 1 500
265 267 1 500
265 268 1 500
265 269 1 250
265 841 1 250
317 838 1 750
221 893 1 250
318 1047 1 750
319 354 1 1250
319 1401 1 1000
320 358 1 2000
320 363 1 1750
320 364 1 1250
320 365 1 1000
320 366 1 1250
320 367 1 500
320 368 1 500
320 552 1 750
272 321 1 250
272 831 1 1250
272 523 1 500
272 832 1 250
272 833 1 500
272 834 1 500
272 835 1 1000
322 1014 1 2250
322 356 1 1000
322 1402 1 1750
323 1048 1 1500
186 389 1 250
192 1512 1 500
324 1142 1 1250
324 780 1 1000
324 1367 1 1250
204 397 1 250
204 929 1 500
326 1040 1 750
210 1377 1 1250
327 377 1 500
328 1248 1 1250
328 1250 1 1500
329 853 1 500
329 1450 1 1000
333 379 1 750
333 1127 1 1000
333 1611 1 1500
334 1000 1 250
334 724 1 250
334 725 1 500
334 727 1 500
334 1147 1 250
334 1086 1 250
334 412 1 250
334 737 1 1750
334 780 1 250
334 746 1 500
334 336 1 250
334 342 1 250
334 1431 1 1750
334 757 1 250
334 1340 1 1000
335 1358 1 750
335 1492 1 250
335 1123 1 2000
335 1505 1 500
335 506 1 500
335 1361 1 250
335 911 1 500
335 1266 1 500
335 1163 1 500
335 1578 1 500
335 357 1 1000
335 1102 1 250
335 1690 1 1750
335 628 1 1500
335 1274 1 500
335 1675 1 1500
335 1278 1 250
335 1702 1 1000
335 975 1 500
335 1074 1 500
335 1556 1 500
336 1407 1 1250
336 1333 1 1000
336 1504 1 250
336 909 1 250
336 1649 1 500
336 1704 1 500
336 952 1 250
336 1451 1 1250
338 396 1 250
341 358 1 1000
341 363 1 500
341 1463 1 1500
341 798 1 1750
342 735 1 750
345 1693 1 500
346 1059 1 500
347 1361 1 250
347 470 1 250
347 1718 1 750
347 1698 1 750
541 899 1 500
541 1616 1 250
541 1164 1 500
541 582 1 250
541 946 1 250
541 618 1 500
541 1543 1 500
541 1167 1 250
541 1619 1 500
541 1622 1 500
541 1705 1 500
541 974 1 500
541 687 1 250
541 695 1 250
541 1624 1 500
541 1701 1 1500
200 201 1 1500
200 202 1 750
200 203 1 1500
200 204 1 750
200 205 1 500
200 206 1 500
175 176 1 750
187 188 1 750
187 189 1 750
187 234 1 750
377 378 1 1250
377 379 1 750
377 380 1 250
377 381 1 500
377 382 1 250
377 383 1 500
377 384 1 500
377 385 1 500
377 386 1 500
377 387 1 250
377 388 1 500
390 768 1 750
390 455 1 250
390 769 1 1000
390 770 1 500
390 465 1 250
390 771 1 1250
390 628 1 250
391 782 1 1000
391 783 1 1250
391 784 1 500
392 782 1 1000
392 783 1 500
392 787 1 1500
392 788 1 1250
392 789 1 1000
392 790 1 750
392 791 1 1000
392 792 1 1000
392 793 1 500
392 794 1 1000
393 474 1 250
394 724 1 250
395 533 1 250
395 1151 1 1000
395 598 1 250
395 989 1 500
396 541 1 250
398 727 1 500
399 1491 1 750
400 1320 1 1500
400 1232 1 500
401 1343 1 750
401 1010 1 750
403 1152 1 1000
403 1118 1 750
403 1348 1 2750
403 1349 1 1000
403 1350 1 500
403 1351 1 1000
403 1352 1 1000
403 1353 1 500
403 1354 1 1250
403 1355 1 750
405 505 1 500
405 980 1 250
406 1042 1 1000
408 1377 1 1500
409 1380 1 1250
409 879 1 250
410 727 1 250
410 780 1 250
410 1341 1 500
411 723 1 500
411 1405 1 1250
411 1406 1 1500
411 743 1 750
411 1407 1 500
411 1408 1 500
411 760 1 1000
412 774 1 1500
414 1446 1 1000
414 905 1 500
414 1447 1 750
414 1448 1 500
414 635 1 250
414 1272 1 500
415 1463 1 1250
415 795 1 1750
415 787 1 1000
415 1464 1 1500
416 1465 1 1250
416 1466 1 500
416 501 1 250
416 636 1 250
416 1467 1 500
416 707 1 500
418 1060 1 750
421 885 1 250
421 1571 1 1500
421 617 1 500
423 948 1 750
425 1535 1 750
427 1577 1 1750
430 1489 1 500
430 1473 1 1000
430 1474 1 1000
430 1574 1 1000
430 1575 1 1000
430 1232 1 250
432 1052 1 2000
433 1317 1 1500
438 1036 1 1000
439 951 1 750
447 1560 1 2750
449 495 1 250
450 1582 1 1000
451 814 1 500
453 1440 1 1000
453 1629 1 1250
453 1373 1 1250
453 1630 1 1250
453 1444 1 1250
453 1374 1 1000
453 762 1 750
453 1375 1 1250
453 1376 1 1250
454 1361 1 500
456 1571 1 750
456 507 1 250
456 571 1 250
456 1151 1 750
456 606 1 500
456 610 1 250
457 1521 1 1000
457 1606 1 750
460 1357 1 1250
461 1631 1 1500
462 1480 1 500
462 1486 1 500
462 769 1 1000
462 1585 1 750
462 770 1 250
462 1598 1 1250
462 1492 1 250
462 1232 1 250
462 1253 1 750
462 1454 1 1500
462 1633 1 1250
462 1634 1 1000
463 1197 1 500
463 1205 1 500
463 1209 1 750
463 1210 1 500
463 1215 1 500
463 1225 1 500
463 1640 1 1250
463 1236 1 500
463 1238 1 500
464 877 1 500
464 1196 1 250
464 1213 1 500
464 1229 1 500
465 1482 1 750
465 1646 1 750
465 1647 1 750
466 814 1 500
468 1648 1 1500
475 873 1 750
475 886 1 250
475 1653 1 1000
476 558 1 250
482 541 1 250
483 727 1 250
483 780 1 250
485 727 1 250
485 780 1 250
485 761 1 750
489 1686 1 1250
490 1731 1 1750
492 731 1 1250
492 1661 1 1500
493 1396 1 1500
493 1372 1 1250
495 1484 1 500
495 1656 1 1500
495 1261 1 250
495 1506 1 500
495 1696 1 1250
495 1067 1 250
495 536 1 250
495 564 1 250
495 1162 1 500
495 934 1 250
495 954 1 250
495 1697 1 750
495 982 1 500
495 1698 1 750
496 727 1 250
496 780 1 250
497 1295 1 250
498 1044 1 1000
500 1349 1 1500
500 1350 1 1000
500 1706 1 2000
500 1707 1 3000
500 1353 1 1000
500 1570 1 1500
500 1611 1 1000
500 1355 1 1250
502 1049 1 1000
503 1062 1 500
503 541 1 250
504 1041 1 500
507 915 1 500
508 1485 1 500
509 721 1 500
511 558 1 500
511 1520 1 1750
512 780 1 250
516 889 1 250
517 1710 1 1000
522 552 1 250
527 1022 1 250
529 1347 1 1250
534 1516 1 1000
539 1539 1 1000
540 1621 1 750
544 1626 1 1500
545 1713 1 1250
545 1538 1 500
548 879 1 250
550 1049 1 500
552 814 1 1000
552 1293 1 1250
552 1644 1 750
552 1187 1 2000
552 1176 1 1250
552 1326 1 2000
552 1110 1 1250
552 1485 1 500
552 1639 1 1500
552 1491 1 250
552 1495 1 500
552 1637 1 1500
552 1638 1 1250
552 1503 1 500
552 896 1 750
552 1332 1 1000
552 1138 1 750
552 1517 1 500
552 1604 1 2250
552 1179 1 1000
552 1002 1 3000
552 1532 1 500
552 1714 1 3250
552 1715 1 2500
552 1610 1 1000
552 1708 1 1000
552 1605 1 1000
552 1107 1 1250
552 1109 1 750
552 1683 1 1500
552 1716 1 3000
552 1429 1 1500
552 1717 1 1500
552 1181 1 1750
552 1609 1 1000
552 1549 1 500
552 1551 1 500
552 1702 1 500
557 1036 1 500
558 848 1 500
558 1457 1 500
558 859 1 250
558 1481 1 500
558 1718 1 750
558 894 1 500
558 920 1 500
558 560 1 250
558 587 1 250
558 1045 1 1250
565 1606 1 1000
578 729 1 250
578 1393 1 4500
578 579 1 250
578 1669 1 1000
578 1408 1 1000
578 1005 1 1250
578 1002 1 750
578 1687 1 1500
580 780 1 250
582 1618 1 750
585 1030 1 500
585 1710 1 1000
585 832 1 500
585 962 1 750
585 1555 1 500
585 661 1 500
587 1511 1 500
588 1041 1 250
588 1479 1 500
588 610 1 250
589 1699 1 1500
594 773 1 1250
598 858 1 750
603 780 1 250
608 1719 1 250
612 908 1 1000
613 862 1 1000
613 1613 1 750
613 947 1 500
613 1694 1 250
613 1580 1 750
613 835 1 750
620 1484 1 750
621 1446 1 1250
621 1467 1 250
628 819 1 750
628 1736 1 1000
628 1737 1 2250
629 1232 1 250
629 1226 1 500
632 1280 1 1000
633 893 1 500
635 1265 1 250
641 1038 1 1000
645 857 1 500
647 988 1 1000
652 1052 1 1250
660 870 1 500
668 1584 1 1000
670 1739 1 1000
671 1477 1 1000
671 1085 1 1000
671 1739 1 1750
672 1036 1 250
674 1468 1 2000
674 1526 1 1000
683 871 1 250
694 1035 1 750
704 1296 1 750
711 1560 1 1000
190 191 1 500
190 192 1 500
190 193 1 1250
222 344 1 250
772 773 1 750
227 344 1 250
838 1034 1 750
838 1115 1 500
838 1116 1 1500
839 1357 1 750
840 1172 1 1500
840 1173 1 1250
842 1183 1 750
843 1195 1 250
843 1197 1 250
843 1199 1 500
843 1200 1 250
843 1201 1 500
843 1202 1 250
843 1203 1 500
843 1204 1 250
843 1154 1 500
843 1207 1 250
843 1208 1 500
843 1212 1 500
843 1214 1 500
843 1219 1 500
843 1251 1 1250
843 1221 1 500
843 1222 1 250
843 1223 1 500
843 1229 1 250
843 1231 1 500
843 1233 1 250
843 1130 1 1250
843 1253 1 500
843 1235 1 500
843 1236 1 250
843 1237 1 500
843 1254 1 1250
844 1719 1 750
845 1346 1 500
845 1347 1 750
846 1194 1 500
846 1195 1 250
846 1240 1 1000
846 1241 1 1000
846 1242 1 1000
846 1248 1 1250
846 1243 1 750
846 1244 1 1000
846 1245 1 1000
846 1247 1 1000
849 913 1 500
853 1450 1 1000
853 1451 1 750
854 1455 1 500
854 1456 1 500
861 1558 1 1750
861 1559 1 1000
864 1504 1 500
783 1562 1 750
783 788 1 750
783 785 1 250
783 1563 1 1750
783 1190 1 1250
783 1564 1 1000
783 791 1 500
783 1464 1 750
783 794 1 500
866 1234 1 250
869 1022 1 250
869 1128 1 750
873 1273 1 500
875 1047 1 500
876 1597 1 2000
877 1198 1 500
877 1452 1 1750
877 1468 1 1250
877 1470 1 1500
877 1330 1 1750
877 891 1 500
877 1226 1 250
877 1490 1 250
877 1598 1 750
877 1493 1 500
877 1494 1 500
877 1498 1 500
877 1039 1 2000
877 1587 1 500
877 1599 1 500
877 1600 1 2500
877 1453 1 1250
878 1476 1 500
878 1601 1 1000
878 1485 1 250
878 1501 1 500
878 1602 1 2000
878 1351 1 750
878 1603 1 500
878 1587 1 250
878 1604 1 500
878 1527 1 500
878 1529 1 500
878 1103 1 750
878 1533 1 250
878 1538 1 250
878 1605 1 250
878 1606 1 250
878 1607 1 500
878 1608 1 1000
878 1609 1 500
879 1342 1 1500
879 1434 1 4000
879 1348 1 1500
879 1485 1 250
879 1350 1 750
879 1603 1 1000
879 1587 1 250
879 1610 1 500
879 1607 1 750
879 1552 1 500
382 877 1 250
884 910 1 500
884 1626 1 1000
886 980 1 250
890 1620 1 750
893 1052 1 1250
893 1654 1 500
893 1054 1 1000
893 1655 1 500
895 1688 1 1750
895 1087 1 500
896 1662 1 1500
897 1065 1 250
897 963 1 500
897 1170 1 500
897 985 1 250
897 1076 1 500
899 917 1 500
901 1057 1 750
904 1039 1 1250
909 1712 1 3000
914 1653 1 750
915 1545 1 500
922 1060 1 250
922 1467 1 250
367 785 1 250
367 790 1 500
367 793 1 500
924 1069 1 1000
929 1111 1 2250
929 1719 1 250
932 1560 1 1500
933 1051 1 1250
933 1258 1 250
933 1537 1 500
933 968 1 500
933 1625 1 500
934 1657 1 750
937 1290 1 1500
784 1064 1 500
784 931 1 750
941 1462 1 250
955 1520 1 1000
965 1579 1 750
969 1719 1 500
976 1719 1 250
984 1553 1 750
986 1711 1 1000
990 1557 1 1000
176 1026 1 500
176 871 1 250
176 1027 1 500
176 965 1 500
176 712 1 250
1030 1031 1 1250
1030 1032 1 250
1030 1033 1 750
1030 1034 1 250
1036 1037 1 250
802 803 1 1750
804 805 1 1750
1022 1023 1 500
1024 1025 1 1500
1028 1029 1 750
1038 1039 1 250
1042 1043 1 500
1042 1044 1 250
1042 1045 1 500
1047 1048 1 1000
1049 1050 1 1500
1049 1051 1 500
1061 1063 1 750
1067 1173 1 750
1075 1695 1 750
352 353 1 1000
1156 1547 1 250
1164 1296 1 500
1167 1519 1 500
1168 1460 1 500
1195 1240 1 750
1195 1241 1 500
1195 1242 1 500
1195 1243 1 750
1195 1244 1 750
1195 1245 1 750
1195 1246 1 1500
1195 1247 1 500
349 350 1 500
349 1250 1 750
349 843 1 250
223 270 1 500
223 240 1 750
223 271 1 250
1118 1132 1 750
1118 1133 1 1000
1118 1316 1 1250
815 1317 1 750
815 1318 1 500
815 1319 1 1250
1295 1699 1 1000
1295 1700 1 1500
1296 1699 1 250
1296 1701 1 500
1307 1478 1 500
1314 1478 1 250
1315 1478 1 250
724 727 1 1000
724 1018 1 1500
724 1019 1 2000
724 1020 1 2500
724 780 1 500
724 1021 1 2250
1356 1357 1 250
1357 1568 1 1750
1357 1359 1 250
1362 1467 1 250
1363 1721 1 1500
1364 1721 1 1250
386 427 1 250
1006 1007 1 500
1006 1008 1 500
1006 1009 1 250
1006 1010 1 250
1006 1011 1 750
1006 1012 1 500
1006 1013 1 1000
727 1006 1 250
727 1118 1 500
727 1119 1 750
727 735 1 250
727 1120 1 750
727 1121 1 750
727 779 1 250
727 780 1 250
727 1122 1 500
727 1123 1 250
727 1124 1 250
727 1125 1 500
727 1126 1 1750
727 1127 1 250
727 1128 1 750
727 1129 1 750
727 1130 1 500
727 758 1 250
727 1131 1 750
1386 1397 1 750
741 1008 1 250
780 1006 1 250
780 1118 1 250
780 1119 1 250
780 1120 1 250
780 1122 1 250
780 1123 1 250
780 1124 1 250
780 1125 1 250
780 1097 1 500
780 1332 1 250
780 1127 1 250
780 1129 1 250
780 1107 1 250
780 1680 1 250
780 1109 1 250
780 1683 1 500
780 1131 1 500
1008 1689 1 1000
1008 1676 1 750
1008 1670 1 500
749 1006 1 250
752 1397 1 250
752 1728 1 1000
752 1267 1 500
752 754 1 250
1010 1028 1 750
1010 1059 1 250
1390 1591 1 750
1391 1591 1 500
1410 1589 1 750
1410 1411 1 750
1411 1672 1 500
1411 1726 1 1000
1411 1414 1 750
1412 1589 1 500
1413 1589 1 500
1416 1589 1 500
1417 1589 1 250
185 186 1 500
185 337 1 750
218 220 1 250
202 273 1 1250
202 1039 1 500
202 1520 1 250
369 370 1 750
369 371 1 1000
814 815 1 500
814 816 1 2750
814 817 1 1250
814 818 1 1250
814 819 1 750
814 820 1 750
814 821 1 1000
814 822 1 1000
814 823 1 250
814 824 1 1750
814 825 1 1000
814 826 1 1250
814 827 1 1500
814 828 1 1250
814 829 1 500
814 830 1 2500
836 1565 1 1750
993 994 1 1500
993 995 1 1250
993 996 1 1250
993 997 1 750
993 998 1 750
993 999 1 2000
1144 1145 1 1000
1144 1146 1 1500
1147 1531 1 250
1153 1154 1 500
1153 1155 1 750
1187 1188 1 500
1187 1189 1 1000
1187 1190 1 750
1187 1191 1 1750
1187 1192 1 750
1187 1193 1 1750
1196 1223 1 250
1196 1249 1 750
1200 1219 1 250
1200 1221 1 250
1200 1255 1 1250
1200 1227 1 500
1200 1229 1 250
1200 1235 1 250
1200 1249 1 750
1200 1256 1 1250
1200 1257 1 1250
1175 1287 1 1250
1175 1288 1 1500
1175 1289 1 1250
813 878 1 500
813 1095 1 250
1119 1121 1 1000
1119 1330 1 1000
1119 1331 1 1250
1119 1332 1 500
1119 1333 1 750
1119 1334 1 500
1119 1335 1 1000
1119 1336 1 500
1119 1337 1 1000
1119 1338 1 1250
1119 1339 1 1250
1119 1340 1 500
1119 1341 1 250
1470 1471 1 1250
1470 1472 1 2000
1470 1473 1 750
1470 1474 1 500
1470 1475 1 750
1482 1573 1 1000
1482 1488 1 750
1482 1574 1 500
1482 1575 1 500
1482 1576 1 750
1485 1627 1 1750
1027 1030 1 250
1487 1636 1 1500
1487 1637 1 750
1487 1638 1 500
1487 1600 1 1000
1494 1643 1 1750
1494 1642 1 1500
1495 1635 1 1000
231 1561 1 1250
1500 1560 1 1250
1500 1658 1 2000
1425 1435 1 1250
1425 1664 1 750
745 1394 1 500
745 1099 1 750
745 1003 1 250
745 1668 1 500
1138 1268 1 500
1138 1139 1 1250
1138 1140 1 1000
1514 1594 1 1000
785 1033 1 750
785 1562 1 500
785 1564 1 750
785 797 1 1250
1265 1447 1 500
1517 1713 1 750
1521 1720 1 2500
1530 1719 1 250
1538 1719 1 250
1538 1628 1 500
1538 1650 1 500
1538 1651 1 500
1538 1652 1 500
1271 1295 1 500
269 290 1 750
269 1507 1 500
1000 1001 1 250
1000 1002 1 250
1000 1003 1 250
726 728 1 250
726 1077 1 750
726 732 1 250
726 1110 1 500
726 1078 1 750
726 747 1 250
1083 1138 1 250
1083 1139 1 750
1083 1140 1 750
728 1293 1 500
728 1083 1 250
728 811 1 2250
728 737 1 250
732 1077 1 250
1122 1677 1 500
1122 1331 1 250
1122 1679 1 250
757 1734 1 1500
1184 1185 1 1250
1184 1186 1 1000
1632 1633 1 500
820 826 1 500
1204 1321 1 500
1204 1365 1 1000
1204 1211 1 250
1204 1220 1 500
1204 1255 1 500
1204 1228 1 500
1204 1366 1 1000
1204 1239 1 500
810 1420 1 750
810 1729 1 250
810 1719 1 500
1395 1418 1 1250
1395 1419 1 1000
722 799 1 500
722 800 1 250
722 801 1 500
722 747 1 250
722 812 1 1000
806 807 1 1750
806 808 1 1000
806 809 1 750
806 810 1 500
1396 1420 1 1000
1197 1216 1 250
1197 1251 1 250
1197 1252 1 500
1197 1200 1 250
1199 1209 1 250
1203 1232 1 250
1205 1426 1 500
1212 1640 1 500
1213 1641 1 1000
1213 1232 1 250
1217 1232 1 250
1217 1542 1 750
1218 1229 1 500
1223 1365 1 500
1224 1226 1 500
1225 1227 1 250
1229 1252 1 1000
1229 1256 1 500
1230 1641 1 1500
1232 1644 1 250
1232 1645 1 1000
1232 1487 1 250
1236 1366 1 750
1236 1257 1 500
177 178 1 750
177 276 1 1750
177 314 1 500
207 208 1 750
207 276 1 1500
207 314 1 500
374 847 1 750
376 1050 1 1000
779 780 1 250
779 1612 1 250
781 1402 1 250
781 1723 1 500
1080 1132 1 750
1080 1133 1 750
1080 1134 1 1000
1080 1135 1 2250
1080 1136 1 1000
1080 1137 1 500
1081 1082 1 750
1084 1502 1 1000
1086 1344 1 250
1087 1089 1 250
1087 1370 1 1250
1087 1371 1 750
1087 1372 1 750
1087 1373 1 500
1087 1374 1 250
1087 1375 1 750
1087 1376 1 500
1088 1591 1 250
1088 1415 1 750
1089 1396 1 250
1090 1533 1 750
1091 1672 1 500
1091 1589 1 250
1092 1591 1 500
1093 1409 1 500
1093 1136 1 500
1093 1675 1 750
1093 1591 1 250
1095 1141 1 250
1095 1433 1 500
1098 1103 1 500
1103 1316 1 500
1104 1427 1 750
1105 1119 1 500
1109 1119 1 250
215 240 1 1250
1261 1617 1 250
355 1661 1 1000
739 1676 1 1000
739 1131 1 500
740 1087 1 250
740 1089 1 250
1262 1681 1 1750
1262 1383 1 1250
1262 1714 1 750
1263 1436 1 1500
1267 1728 1 1000
1267 1276 1 750
1129 1343 1 250
1129 1678 1 500
1129 1438 1 1250
1129 1679 1 250
1129 1335 1 500
1129 1389 1 500
1129 1684 1 500
1129 1339 1 750
1129 1725 1 1000
1129 1270 1 250
1129 1467 1 250
1269 1595 1 750
1270 1467 1 250
1011 1670 1 500
1011 1254 1 500
1011 1276 1 250
1275 1548 1 750
1277 1670 1 500
214 838 1 750
216 1658 1 1250
220 262 1 1000
226 344 1 500
183 199 1 1000
183 272 1 250
228 1184 1 250
228 1185 1 500
228 325 1 1000
229 1568 1 1000
230 1112 1 1750
315 316 1 3750
351 1036 1 250
1657 1696 1 500
1113 1114 1 1000
361 362 1 750
208 275 1 1500
723 1004 1 1000
723 743 1 250
723 1005 1 500
723 879 1 750
725 728 1 250
730 1379 1 1250
734 1430 1 1000
734 1398 1 500
735 780 1 250
735 1431 1 500
735 1432 1 1500
737 1290 1 1000
737 1659 1 1750
737 1660 1 1250
737 1661 1 500
737 1662 1 750
744 1393 1 1000
744 1669 1 500
744 1588 1 750
746 1119 1 250
746 1123 1 250
747 1095 1 250
750 879 1 500
751 1087 1 250
751 1332 1 500
753 1087 1 250
755 1262 1 1000
755 1381 1 1250
755 1384 1 1000
755 1382 1 1250
755 1663 1 750
755 1385 1 1250
755 1730 1 1750
758 1119 1 250
759 1589 1 500
764 1126 1 1000
764 1734 1 750
765 1087 1 250
1079 1324 1 1250
1079 1345 1 1750
1079 1422 1 1000
1079 1177 1 250
1079 1178 1 500
1079 1423 1 1000
1079 1368 1 1500
1079 1437 1 1250
799 1095 1 250
1141 1685 1 1250
1141 1686 1 500
1177 1423 1 1000
1177 1424 1 750
1180 1547 1 750
1181 1329 1 1250
1182 1547 1 750
1182 1716 1 500
1125 1338 1 500
776 1531 1 750
800 813 1 750
1398 1440 1 500
1398 1441 1 1250
1398 1442 1 1250
1398 1430 1 1000
1398 1443 1 1000
1398 1444 1 500
1398 1531 1 2750
1401 1402 1 250
1402 1722 1 750
1402 1723 1 1250
1402 1717 1 750
1384 1385 1 1000
1427 1670 1 250
1427 1689 1 750
1428 1670 1 500
1429 1738 1 2000
1459 1690 1 750
1666 1685 1 750
1671 1724 1 1000
1671 1725 1 750
1337 1434 1 750
1337 1677 1 250
1337 1727 1 1750
1337 1733 1 1500
1674 1738 1 1250
1326 1327 1 1750
1326 1328 1 1500
1326 1329 1 750
1326 1547 1 250
1585 1632 1 750
1344 1421 1 1250
1352 1706 1 1250
1352 1569 1 1000
1352 1353 1 250
1587 1627 1 750
1589 1726 1 500
1589 1630 1 500
1590 1602 1 750
1590 1724 1 1250
1595 1731 1 1250
1596 1604 1 500
180 186 1 1000
196 1035 1 500
354 1089 1 500
358 359 1 750
358 360 1 500
363 786 1 500
363 797 1 500
363 1064 1 250
364 798 1 1000
365 1187 1 500
366 1192 1 750
270 272 1 1250
270 271 1 500
831 1512 1 500
1014 1368 1 1250
1367 1673 1 500
209 210 1 8000
209 211 1 3750
209 212 1 3500
209 213 1 2250
1431 1432 1 750
1123 1439 1 1250
189 335 1 1250
1407 1687 1 500
201 230 1 1000
203 230 1 500
378 381 1 750
771 814 1 500
771 816 1 500
782 785 1 750
782 786 1 250
787 795 1 500
787 1191 1 750
789 1187 1 750
359 392 1 1250
360 392 1 1250
790 1187 1 500
792 1187 1 500
793 1187 1 250
1320 1480 1 1250
1152 1348 1 250
1348 1350 1 250
1348 1461 1 500
1348 1569 1 500
1348 1570 1 500
1348 1354 1 500
1348 1719 1 500
1351 1352 1 250
1380 1398 1 250
1380 1531 1 500
1405 1669 1 500
1406 1588 1 750
795 796 1 1000
1465 1537 1 750
1577 1721 1 750
1473 1482 1 250
1474 1482 1 250
1052 1053 1 500
1052 1054 1 500
1052 1055 1 500
1052 1056 1 500
1560 1561 1 750
1629 1683 1 500
1373 1673 1 500
1648 1716 1 1000
1656 1657 1 500
1706 1709 1 1250
1707 1709 1 2000
1604 1722 1 1000
1002 1601 1 500
1002 1491 1 500
1002 1528 1 500
1002 1538 1 250
1002 1634 1 500
1002 1608 1 500
1715 1727 1 1750
1736 1737 1 750
1468 1469 1 1750
193 1499 1 750
1116 1328 1 500
1172 1571 1 750
1558 1583 1 750
1559 1719 1 500
1128 1589 1 250
1452 1453 1 500
1452 1454 1 750
1452 1719 1 500
1330 1565 1 1000
1039 1597 1 750
1600 1631 1 1250
1600 1643 1 750
1602 1671 1 1000
1342 1595 1 500
1434 1435 1 500
1434 1436 1 1000
1688 1723 1 1000
1712 1735 1 2000
1111 1112 1 1250
1026 1030 1 500
1031 1719 1 500
1032 1035 1 500
803 1135 1 1000
805 1401 1 750
1023 1035 1 500
1025 1039 1 750
1029 1035 1 750
178 1049 1 1500
178 1051 1 250
1246 1320 1 500
1246 1642 1 750
1319 1632 1 500
1018 1019 1 750
1019 1020 1 500
1020 1174 1 750
1020 1421 1 750
1021 1437 1 1250
1120 1438 1 500
1120 1439 1 250
1120 1362 1 1500
1013 1670 1 500
263 264 1 1000
263 728 1 1250
273 1017 1 750
816 1322 1 1250
816 818 1 500
816 1323 1 1250
816 825 1 250
816 828 1 500
821 1323 1 500
822 1635 1 250
822 1495 1 500
824 1700 1 1000
827 1323 1 500
830 1322 1 1250
994 1665 1 1000
995 1665 1 500
996 1665 1 500
997 1403 1 750
998 1403 1 500
999 1733 1 1000
1145 1485 1 750
1145 1587 1 250
1146 1627 1 750
1189 1191 1 750
786 1187 1 1250
796 1187 1 1750
1193 1563 1 1000
1287 1326 1 750
1288 1727 1 750
1289 1727 1 500
1471 1472 1 1000
1475 1482 1 750
1636 1639 1 750
1016 1017 1 750
1016 1520 1 1250
1283 1520 1 1000
1017 1283 1 1000
1017 1566 1 1250
1017 1520 1 4000
1720 1735 1 1750
1324 1325 1 750
1324 1547 1 2250
811 1384 1 750
811 1382 1 500
1645 1708 1 1000
1418 1590 1 1250
1419 1671 1 750
1392 1395 1 1750
807 811 1 750
808 1392 1 750
808 1095 1 1000
809 1095 1 750
809 1666 1 500
1371 1396 1 750
1327 1732 1 1000
1135 1148 1 1750
1135 1401 1 2000
1370 1673 1 750
1469 1572 1 1250
1681 1730 1 1000
1150 1263 1 1750
316 1378 1 3000
1004 1669 1 500
1379 1669 1 1000
1660 1666 1 750
1381 1382 1 250
1381 1383 1 500
1381 1714 1 1000
1663 1714 1 750
1422 1423 1 500
1441 1592 1 1000
1442 1667 1 1000
1443 1592 1 750
213 1665 1 1750
213 1401 1 750
213 1402 1 250
1325 1384 1 1250
1328 1716 1 750
211 1292 1 2500
211 212 1 250
211 1682 1 1000
212 1378 1 2250
212 1682 1 1250
1291 1292 1 2500
1291 1393 1 2750
1566 1597 1 750
1149 1434 1 1500
1149 1659 1 1250
1148 1149 1 500
1148 1150 1 1000
