166 212
1 153 1 1024
1 10 1 1024
2 9 1 1024
2 153 1 1024
2 104 1 1024
2 106 1 1024
2 152 1 1024
3 71 1 1024
3 72 1 1024
4 5 1 1024
4 72 1 1024
5 7 1 1024
5 119 1 1024
6 115 1 1024
6 7 1 1024
7 8 1 1024
8 9 1 1024
8 151 1 1024
9 164 1 1024
9 163 1 1024
9 10 1 1024
11 12 1 1024
11 14 1 1024
12 17 1 1024
13 29 1 1024
13 14 1 1024
13 28 1 1024
14 17 1 1024
14 16 1 1024
15 59 1 1024
15 113 1 1024
15 16 1 1024
18 19 1 1024
18 28 1 1024
19 81 1 1024
19 63 1 1024
19 76 1 1024
20 21 1 1024
20 23 1 1024
21 25 1 1024
22 162 1 1024
22 23 1 1024
24 148 1 1024
24 50 1 1024
25 26 1 1024
25 27 1 1024
26 46 1 1024
26 49 1 1024
27 73 1 1024
28 30 1 1024
29 32 1 1024
30 32 1 1024
31 33 1 1024
31 34 1 1024
32 139 1 1024
32 33 1 1024
33 166 1 1024
34 156 1 1024
35 36 1 1024
35 37 1 1024
36 38 1 1024
37 38 1 1024
37 125 1 1024
39 40 1 1024
39 42 1 1024
40 43 1 1024
40 142 1 1024
41 44 1 1024
41 42 1 1024
43 135 1 1024
43 156 1 1024
44 154 1 1024
44 128 1 1024
44 143 1 1024
45 52 1 1024
45 46 1 1024
46 162 1 1024
47 48 1 1024
47 50 1 1024
48 53 1 1024
49 50 1 1024
51 52 1 1024
51 54 1 1024
53 54 1 1024
55 56 1 1024
55 64 1 1024
56 112 1 1024
57 126 1 1024
57 78 1 1024
57 58 1 1024
58 63 1 1024
58 130 1 1024
59 60 1 1024
59 62 1 1024
59 63 1 1024
60 61 1 1024
61 62 1 1024
62 64 1 1024
64 126 1 1024
65 157 1 1024
65 74 1 1024
66 67 1 1024
66 74 1 1024
67 68 1 1024
68 69 1 1024
69 157 1 1024
70 150 1 1024
70 157 1 1024
71 150 1 1024
72 132 1 1024
72 140 1 1024
72 117 1 1024
73 84 1 1024
73 74 1 1024
75 78 1 1024
75 79 1 1024
76 80 1 1024
76 77 1 1024
76 131 1 1024
77 129 1 1024
78 79 1 1024
79 80 1 1024
81 131 1 1024
82 89 1 1024
82 83 1 1024
83 86 1 1024
83 157 1 1024
84 148 1 1024
85 86 1 1024
85 148 1 1024
86 87 1 1024
87 149 1 1024
88 164 1 1024
88 115 1 1024
89 90 1 1024
90 116 1 1024
91 94 1 1024
91 92 1 1024
92 99 1 1024
93 94 1 1024
93 96 1 1024
95 96 1 1024
95 97 1 1024
95 155 1 1024
97 98 1 1024
97 113 1 1024
98 155 1 1024
99 100 1 1024
100 112 1 1024
101 102 1 1024
101 122 1 1024
102 120 1 1024
103 104 1 1024
103 163 1 1024
105 106 1 1024
105 108 1 1024
107 110 1 1024
107 108 1 1024
109 153 1 1024
109 152 1 1024
110 152 1 1024
111 112 1 1024
111 114 1 1024
113 114 1 1024
115 124 1 1024
116 119 1 1024
117 150 1 1024
118 120 1 1024
118 121 1 1024
118 119 1 1024
120 149 1 1024
121 151 1 1024
121 123 1 1024
122 123 1 1024
124 125 1 1024
125 159 1 1024
126 130 1 1024
127 132 1 1024
127 134 1 1024
128 144 1 1024
128 154 1 1024
129 134 1 1024
130 131 1 1024
132 133 1 1024
133 139 1 1024
133 134 1 1024
134 157 1 1024
135 165 1 1024
135 136 1 1024
135 143 1 1024
136 137 1 1024
137 138 1 1024
138 143 1 1024
138 166 1 1024
138 157 1 1024
140 141 1 1024
140 145 1 1024
141 161 1 1024
141 142 1 1024
143 154 1 1024
143 156 1 1024
143 158 1 1024
143 160 1 1024
144 157 1 1024
145 146 1 1024
146 147 1 1024
147 159 1 1024
156 166 1 1024
157 158 1 1024
157 160 1 1024
160 161 1 1024
165 166 1 1024
