92 116
1 87 1 1024
1 26 1 1024
2 6 1 1024
2 3 1 1024
3 87 1 1024
3 8 1 1024
4 8 1 1024
4 5 1 1024
5 87 1 1024
6 10 1 1024
7 55 1 1024
7 56 1 1024
7 8 1 1024
7 10 1 1024
9 84 1 1024
9 17 1 1024
10 67 1 1024
11 14 1 1024
11 84 1 1024
12 15 1 1024
12 16 1 1024
12 76 1 1024
13 26 1 1024
13 33 1 1024
14 79 1 1024
14 86 1 1024
14 77 1 1024
15 85 1 1024
16 24 1 1024
17 66 1 1024
17 67 1 1024
18 19 1 1024
18 20 1 1024
19 41 1 1024
19 22 1 1024
20 41 1 1024
21 40 1 1024
21 23 1 1024
22 41 1 1024
23 71 1 1024
24 74 1 1024
25 30 1 1024
25 31 1 1024
25 26 1 1024
25 27 1 1024
26 79 1 1024
26 27 1 1024
26 53 1 1024
27 53 1 1024
28 82 1 1024
28 83 1 1024
28 29 1 1024
29 83 1 1024
30 32 1 1024
31 32 1 1024
33 87 1 1024
34 64 1 1024
34 83 1 1024
34 54 1 1024
35 72 1 1024
35 73 1 1024
36 39 1 1024
36 73 1 1024
37 92 1 1024
37 38 1 1024
38 48 1 1024
38 60 1 1024
39 92 1 1024
40 65 1 1024
41 65 1 1024
41 72 1 1024
42 83 1 1024
42 90 1 1024
43 83 1 1024
43 44 1 1024
44 90 1 1024
45 64 1 1024
45 85 1 1024
45 54 1 1024
46 80 1 1024
46 69 1 1024
46 50 1 1024
47 80 1 1024
47 91 1 1024
48 59 1 1024
49 81 1 1024
49 70 1 1024
49 50 1 1024
51 68 1 1024
51 69 1 1024
51 91 1 1024
52 83 1 1024
52 90 1 1024
55 56 1 1024
57 58 1 1024
57 60 1 1024
58 92 1 1024
59 62 1 1024
61 63 1 1024
61 92 1 1024
62 63 1 1024
64 82 1 1024
65 66 1 1024
66 82 1 1024
68 88 1 1024
70 82 1 1024
70 71 1 1024
74 75 1 1024
75 86 1 1024
76 86 1 1024
77 78 1 1024
78 79 1 1024
81 92 1 1024
82 89 1 1024
83 85 1 1024
88 89 1 1024
