103 151
1 57 1 1024
1 2 1 1024
1 56 1 1024
1 9 1 1024
1 10 1 1024
2 58 1 1024
3 78 1 1024
3 48 1 1024
4 79 1 1024
4 5 1 1024
4 38 1 1024
4 77 1 1024
4 40 1 1024
5 7 1 1024
5 6 1 1024
5 77 1 1024
5 8 1 1024
6 39 1 1024
7 71 1 1024
7 72 1 1024
7 55 1 1024
8 9 1 1024
9 56 1 1024
9 77 1 1024
10 56 1 1024
11 17 1 1024
11 95 1 1024
11 12 1 1024
11 14 1 1024
12 17 1 1024
12 95 1 1024
12 14 1 1024
13 19 1 1024
13 14 1 1024
15 18 1 1024
15 75 1 1024
16 88 1 1024
16 40 1 1024
17 95 1 1024
18 37 1 1024
19 95 1 1024
19 32 1 1024
19 33 1 1024
20 21 1 1024
20 22 1 1024
20 23 1 1024
21 26 1 1024
22 74 1 1024
23 96 1 1024
24 25 1 1024
24 27 1 1024
24 86 1 1024
25 80 1 1024
25 26 1 1024
25 28 1 1024
25 83 1 1024
27 74 1 1024
28 29 1 1024
29 83 1 1024
30 31 1 1024
30 32 1 1024
30 70 1 1024
30 94 1 1024
31 103 1 1024
31 32 1 1024
31 33 1 1024
32 33 1 1024
34 35 1 1024
34 42 1 1024
35 36 1 1024
36 37 1 1024
37 38 1 1024
39 40 1 1024
40 66 1 1024
40 44 1 1024
40 75 1 1024
40 102 1 1024
40 53 1 1024
41 50 1 1024
41 42 1 1024
42 75 1 1024
42 47 1 1024
43 50 1 1024
43 82 1 1024
43 45 1 1024
43 44 1 1024
45 46 1 1024
46 53 1 1024
46 52 1 1024
47 49 1 1024
47 81 1 1024
47 48 1 1024
47 102 1 1024
48 85 1 1024
48 102 1 1024
49 50 1 1024
51 96 1 1024
51 54 1 1024
51 101 1 1024
52 53 1 1024
53 95 1 1024
53 88 1 1024
54 73 1 1024
55 71 1 1024
55 63 1 1024
55 76 1 1024
56 76 1 1024
56 63 1 1024
57 58 1 1024
57 59 1 1024
57 60 1 1024
59 60 1 1024
59 62 1 1024
59 76 1 1024
61 62 1 1024
61 64 1 1024
63 64 1 1024
65 66 1 1024
65 68 1 1024
65 72 1 1024
66 89 1 1024
67 103 1 1024
67 68 1 1024
67 94 1 1024
68 95 1 1024
68 69 1 1024
69 91 1 1024
70 72 1 1024
70 91 1 1024
70 94 1 1024
72 92 1 1024
73 74 1 1024
78 79 1 1024
79 84 1 1024
80 87 1 1024
80 81 1 1024
82 83 1 1024
84 85 1 1024
85 86 1 1024
86 87 1 1024
88 89 1 1024
89 90 1 1024
90 95 1 1024
90 103 1 1024
91 93 1 1024
92 93 1 1024
96 97 1 1024
97 98 1 1024
98 99 1 1024
99 100 1 1024
100 101 1 1024
