106 119
1 59 1 1024
1 93 1 1024
2 88 1 1024
2 93 1 1024
3 4 1 1024
3 12 1 1024
4 44 1 1024
5 8 1 1024
5 6 1 1024
6 68 1 1024
7 51 1 1024
7 48 1 1024
8 10 1 1024
8 9 1 1024
9 51 1 1024
10 24 1 1024
11 31 1 1024
11 32 1 1024
12 13 1 1024
13 73 1 1024
14 15 1 1024
14 16 1 1024
15 19 1 1024
16 97 1 1024
16 78 1 1024
17 18 1 1024
17 87 1 1024
18 20 1 1024
19 94 1 1024
20 94 1 1024
21 23 1 1024
21 101 1 1024
22 91 1 1024
22 24 1 1024
23 25 1 1024
25 91 1 1024
26 90 1 1024
26 62 1 1024
27 39 1 1024
27 29 1 1024
27 43 1 1024
27 77 1 1024
28 29 1 1024
28 38 1 1024
30 39 1 1024
30 52 1 1024
31 32 1 1024
31 33 1 1024
31 34 1 1024
31 38 1 1024
31 77 1 1024
33 90 1 1024
34 76 1 1024
35 36 1 1024
35 76 1 1024
36 37 1 1024
37 69 1 1024
38 76 1 1024
40 43 1 1024
40 44 1 1024
40 41 1 1024
40 42 1 1024
41 53 1 1024
41 42 1 1024
45 89 1 1024
45 47 1 1024
45 49 1 1024
46 92 1 1024
46 89 1 1024
47 92 1 1024
48 49 1 1024
50 83 1 1024
50 75 1 1024
52 57 1 1024
53 56 1 1024
54 55 1 1024
54 89 1 1024
55 56 1 1024
57 92 1 1024
58 61 1 1024
58 73 1 1024
59 60 1 1024
60 61 1 1024
62 64 1 1024
63 64 1 1024
63 65 1 1024
65 67 1 1024
66 67 1 1024
66 68 1 1024
69 71 1 1024
70 72 1 1024
70 71 1 1024
72 103 1 1024
73 74 1 1024
74 103 1 1024
75 98 1 1024
75 102 1 1024
78 83 1 1024
78 96 1 1024
78 82 1 1024
79 80 1 1024
79 81 1 1024
80 84 1 1024
81 95 1 1024
82 83 1 1024
82 106 1 1024
83 84 1 1024
85 86 1 1024
85 95 1 1024
86 87 1 1024
88 94 1 1024
96 97 1 1024
98 99 1 1024
99 100 1 1024
100 101 1 1024
102 103 1 1024
103 104 1 1024
104 105 1 1024
105 106 1 1024
