23 37
10 3 100 2500 
22 20 100 2500 
15 20 150 2500 
3 14 400 2500 
7 19 20050 2500 
10 11 400 2500 
5 8 395 2500 
7 17 6070 2500 
3 11 100 2500 
13 19 70 2500 
7 6 70 2500 
8 9 100 2500 
3 21 350 2500 
10 16 250 2500 
2 7 100 2500 
14 13 1 2500 
2 13 100 2500 
1 3 70 2500 
13 17 405 2500 
6 19 100 2500 
12 22 1 2500 
1 7 395 2500 
2 4 70 2500 
5 16 100 2500 
1 16 90 2500 
23 17 70 2500 
9 15 350 2500 
20 17 400 2500 
10 12 70 2500 
2 18 100 2500 
17 10 90 2500 
21 7 70 2500 
18 21 6400 2500 
4 16 395 2500 
2 23 100 2500 
16 9 150 2500 
2 12 170 2500 