136 180
1 117 1 1024
1 2 1 1024
2 114 1 1024
3 12 1 1024
3 4 1 1024
4 5 1 1024
5 6 1 1024
6 7 1 1024
7 8 1 1024
8 10 1 1024
9 88 1 1024
9 90 1 1024
9 85 1 1024
10 84 1 1024
11 120 1 1024
11 114 1 1024
12 85 1 1024
13 121 1 1024
13 84 1 1024
14 36 1 1024
14 93 1 1024
15 52 1 1024
15 131 1 1024
16 132 1 1024
16 122 1 1024
16 123 1 1024
16 130 1 1024
16 70 1 1024
16 71 1 1024
17 22 1 1024
17 19 1 1024
18 131 1 1024
18 19 1 1024
20 71 1 1024
20 23 1 1024
20 21 1 1024
21 79 1 1024
21 43 1 1024
22 23 1 1024
23 132 1 1024
24 47 1 1024
24 131 1 1024
25 44 1 1024
25 128 1 1024
25 131 1 1024
26 62 1 1024
26 54 1 1024
27 118 1 1024
27 30 1 1024
28 118 1 1024
28 53 1 1024
29 62 1 1024
29 63 1 1024
30 63 1 1024
31 65 1 1024
31 34 1 1024
32 111 1 1024
32 65 1 1024
33 66 1 1024
33 67 1 1024
34 60 1 1024
35 55 1 1024
35 56 1 1024
35 57 1 1024
36 88 1 1024
36 91 1 1024
36 94 1 1024
36 95 1 1024
36 39 1 1024
37 38 1 1024
37 136 1 1024
38 126 1 1024
39 41 1 1024
39 40 1 1024
40 41 1 1024
40 117 1 1024
42 117 1 1024
42 116 1 1024
43 50 1 1024
44 77 1 1024
44 129 1 1024
44 106 1 1024
45 48 1 1024
45 46 1 1024
46 51 1 1024
47 48 1 1024
49 50 1 1024
49 52 1 1024
51 131 1 1024
51 106 1 1024
53 119 1 1024
53 54 1 1024
54 120 1 1024
55 56 1 1024
55 115 1 1024
57 92 1 1024
58 96 1 1024
58 92 1 1024
59 119 1 1024
59 73 1 1024
60 109 1 1024
60 114 1 1024
60 67 1 1024
60 107 1 1024
61 78 1 1024
61 118 1 1024
62 112 1 1024
64 101 1 1024
64 133 1 1024
66 111 1 1024
67 105 1 1024
68 118 1 1024
68 75 1 1024
69 70 1 1024
69 71 1 1024
69 76 1 1024
71 72 1 1024
72 75 1 1024
73 74 1 1024
73 119 1 1024
74 119 1 1024
76 118 1 1024
77 101 1 1024
77 133 1 1024
77 106 1 1024
78 79 1 1024
80 129 1 1024
80 100 1 1024
81 82 1 1024
81 98 1 1024
82 84 1 1024
83 86 1 1024
83 90 1 1024
83 84 1 1024
84 89 1 1024
85 86 1 1024
87 90 1 1024
87 93 1 1024
89 93 1 1024
91 92 1 1024
93 95 1 1024
94 97 1 1024
96 97 1 1024
96 99 1 1024
98 99 1 1024
99 110 1 1024
100 101 1 1024
101 133 1 1024
101 124 1 1024
102 109 1 1024
102 105 1 1024
103 109 1 1024
103 119 1 1024
103 104 1 1024
104 105 1 1024
105 110 1 1024
107 108 1 1024
108 109 1 1024
109 119 1 1024
112 120 1 1024
112 113 1 1024
113 120 1 1024
113 130 1 1024
114 121 1 1024
114 120 1 1024
115 116 1 1024
119 120 1 1024
122 136 1 1024
122 130 1 1024
123 130 1 1024
124 125 1 1024
124 134 1 1024
125 135 1 1024
126 127 1 1024
127 129 1 1024
128 132 1 1024
129 132 1 1024
132 136 1 1024
133 134 1 1024
134 135 1 1024
