102 140
1 35 1 1024
1 97 1 1024
2 64 1 1024
2 39 1 1024
3 4 1 1024
3 95 1 1024
3 55 1 1024
4 49 1 1024
4 95 1 1024
5 48 1 1024
5 6 1 1024
6 33 1 1024
7 33 1 1024
7 20 1 1024
8 63 1 1024
8 9 1 1024
8 19 1 1024
8 20 1 1024
9 63 1 1024
9 10 1 1024
10 39 1 1024
11 37 1 1024
11 18 1 1024
11 81 1 1024
11 82 1 1024
11 31 1 1024
12 71 1 1024
12 72 1 1024
12 100 1 1024
12 22 1 1024
13 20 1 1024
13 26 1 1024
13 27 1 1024
13 52 1 1024
14 98 1 1024
14 99 1 1024
14 61 1 1024
15 44 1 1024
15 16 1 1024
16 44 1 1024
17 24 1 1024
17 88 1 1024
17 27 1 1024
17 71 1 1024
17 56 1 1024
18 18 1 1024
18 23 1 1024
19 27 1 1024
19 26 1 1024
19 47 1 1024
21 71 1 1024
21 31 1 1024
22 46 1 1024
23 31 1 1024
24 27 1 1024
25 28 1 1024
25 52 1 1024
28 29 1 1024
29 76 1 1024
30 83 1 1024
30 84 1 1024
32 33 1 1024
32 73 1 1024
32 43 1 1024
32 65 1 1024
33 45 1 1024
34 98 1 1024
34 96 1 1024
34 46 1 1024
35 74 1 1024
35 53 1 1024
36 74 1 1024
36 53 1 1024
36 39 1 1024
37 58 1 1024
37 61 1 1024
38 48 1 1024
38 49 1 1024
38 52 1 1024
38 54 1 1024
40 79 1 1024
40 41 1 1024
40 70 1 1024
40 67 1 1024
40 80 1 1024
41 67 1 1024
41 70 1 1024
42 43 1 1024
42 67 1 1024
42 102 1 1024
42 78 1 1024
43 68 1 1024
43 77 1 1024
43 78 1 1024
43 80 1 1024
44 60 1 1024
44 53 1 1024
45 63 1 1024
45 73 1 1024
45 66 1 1024
46 47 1 1024
47 72 1 1024
48 49 1 1024
49 69 1 1024
50 57 1 1024
50 51 1 1024
50 92 1 1024
50 94 1 1024
51 87 1 1024
51 88 1 1024
51 92 1 1024
53 59 1 1024
54 55 1 1024
55 91 1 1024
56 57 1 1024
56 76 1 1024
57 91 1 1024
58 101 1 1024
59 60 1 1024
62 83 1 1024
62 69 1 1024
62 70 1 1024
64 66 1 1024
65 102 1 1024
68 102 1 1024
72 72 1 1024
75 87 1 1024
75 86 1 1024
77 79 1 1024
81 82 1 1024
83 95 1 1024
84 89 1 1024
85 93 1 1024
85 94 1 1024
86 93 1 1024
89 90 1 1024
90 95 1 1024
96 97 1 1024
99 100 1 1024
100 101 1 1024
