114 135
1 22 1 1024
1 7 1 1024
2 104 1 1024
2 65 1 1024
3 4 1 1024
3 91 1 1024
4 5 1 1024
5 94 1 1024
6 84 1 1024
6 92 1 1024
7 59 1 1024
8 53 1 1024
8 9 1 1024
9 15 1 1024
10 15 1 1024
10 16 1 1024
11 14 1 1024
11 101 1 1024
12 104 1 1024
12 101 1 1024
13 102 1 1024
13 14 1 1024
15 36 1 1024
16 54 1 1024
17 59 1 1024
17 33 1 1024
18 74 1 1024
18 49 1 1024
18 73 1 1024
19 74 1 1024
19 49 1 1024
19 73 1 1024
20 23 1 1024
20 24 1 1024
21 32 1 1024
21 33 1 1024
22 25 1 1024
23 97 1 1024
23 79 1 1024
24 25 1 1024
25 80 1 1024
26 29 1 1024
26 30 1 1024
26 93 1 1024
26 95 1 1024
26 96 1 1024
26 27 1 1024
27 28 1 1024
28 29 1 1024
30 31 1 1024
31 94 1 1024
32 39 1 1024
34 37 1 1024
34 35 1 1024
35 40 1 1024
36 37 1 1024
38 39 1 1024
38 41 1 1024
40 41 1 1024
41 106 1 1024
42 85 1 1024
42 49 1 1024
43 85 1 1024
43 44 1 1024
44 45 1 1024
45 46 1 1024
45 113 1 1024
45 72 1 1024
46 99 1 1024
47 48 1 1024
47 70 1 1024
48 99 1 1024
50 51 1 1024
50 57 1 1024
51 52 1 1024
52 89 1 1024
53 89 1 1024
53 84 1 1024
54 114 1 1024
54 56 1 1024
55 114 1 1024
55 99 1 1024
56 90 1 1024
57 90 1 1024
58 88 1 1024
58 61 1 1024
59 106 1 1024
59 60 1 1024
60 101 1 1024
61 79 1 1024
62 68 1 1024
62 63 1 1024
62 78 1 1024
63 87 1 1024
64 107 1 1024
64 65 1 1024
66 68 1 1024
66 107 1 1024
67 114 1 1024
67 100 1 1024
68 102 1 1024
68 100 1 1024
69 70 1 1024
69 87 1 1024
70 100 1 1024
71 74 1 1024
71 72 1 1024
73 76 1 1024
75 76 1 1024
75 86 1 1024
77 86 1 1024
77 78 1 1024
80 83 1 1024
81 82 1 1024
81 105 1 1024
81 112 1 1024
82 88 1 1024
83 110 1 1024
85 113 1 1024
88 111 1 1024
91 95 1 1024
92 95 1 1024
92 97 1 1024
93 96 1 1024
96 98 1 1024
97 98 1 1024
101 103 1 1024
102 103 1 1024
103 104 1 1024
105 107 1 1024
107 108 1 1024
108 109 1 1024
109 110 1 1024
110 111 1 1024
111 112 1 1024
