680 821
1 218 1 1024
1 678 1 1024
2 4 1 1024
2 105 1 1024
3 399 1 1024
3 5 1 1024
4 108 1 1024
5 587 1 1024
6 289 1 1024
6 651 1 1024
7 280 1 1024
7 651 1 1024
8 461 1 1024
8 225 1 1024
9 10 1 1024
9 407 1 1024
10 202 1 1024
11 250 1 1024
11 12 1 1024
12 56 1 1024
13 507 1 1024
13 67 1 1024
14 56 1 1024
14 15 1 1024
15 16 1 1024
16 17 1 1024
17 18 1 1024
17 283 1 1024
17 650 1 1024
18 318 1 1024
19 310 1 1024
19 42 1 1024
19 43 1 1024
19 438 1 1024
20 453 1 1024
20 43 1 1024
21 576 1 1024
21 592 1 1024
22 226 1 1024
22 106 1 1024
23 602 1 1024
23 546 1 1024
24 358 1 1024
24 26 1 1024
25 441 1 1024
25 570 1 1024
25 438 1 1024
26 155 1 1024
26 79 1 1024
26 341 1 1024
26 342 1 1024
27 28 1 1024
27 196 1 1024
28 32 1 1024
29 206 1 1024
29 211 1 1024
30 33 1 1024
30 31 1 1024
31 97 1 1024
32 33 1 1024
32 673 1 1024
32 193 1 1024
32 674 1 1024
34 35 1 1024
34 37 1 1024
35 40 1 1024
35 538 1 1024
36 52 1 1024
36 37 1 1024
38 222 1 1024
38 39 1 1024
39 566 1 1024
39 193 1 1024
40 41 1 1024
40 210 1 1024
41 207 1 1024
41 208 1 1024
41 205 1 1024
42 556 1 1024
44 230 1 1024
44 47 1 1024
45 50 1 1024
45 46 1 1024
46 47 1 1024
47 52 1 1024
48 51 1 1024
48 150 1 1024
49 441 1 1024
49 51 1 1024
49 52 1 1024
50 268 1 1024
50 570 1 1024
51 52 1 1024
52 211 1 1024
53 65 1 1024
53 290 1 1024
53 512 1 1024
54 55 1 1024
54 507 1 1024
55 127 1 1024
57 329 1 1024
57 317 1 1024
57 409 1 1024
58 524 1 1024
58 59 1 1024
59 146 1 1024
59 62 1 1024
59 60 1 1024
60 141 1 1024
60 320 1 1024
61 100 1 1024
61 509 1 1024
61 257 1 1024
62 63 1 1024
63 64 1 1024
64 102 1 1024
65 653 1 1024
66 86 1 1024
66 310 1 1024
66 80 1 1024
67 511 1 1024
68 601 1 1024
68 361 1 1024
68 362 1 1024
69 363 1 1024
69 392 1 1024
70 538 1 1024
70 71 1 1024
71 72 1 1024
71 247 1 1024
71 74 1 1024
72 636 1 1024
73 259 1 1024
73 74 1 1024
75 76 1 1024
75 501 1 1024
76 374 1 1024
77 571 1 1024
77 311 1 1024
78 543 1 1024
78 125 1 1024
79 468 1 1024
80 81 1 1024
81 86 1 1024
81 445 1 1024
82 491 1 1024
82 86 1 1024
83 491 1 1024
83 191 1 1024
83 86 1 1024
84 85 1 1024
84 86 1 1024
85 183 1 1024
86 87 1 1024
87 313 1 1024
88 94 1 1024
88 91 1 1024
89 562 1 1024
89 90 1 1024
90 677 1 1024
91 96 1 1024
92 93 1 1024
92 567 1 1024
93 94 1 1024
94 95 1 1024
94 487 1 1024
95 486 1 1024
96 97 1 1024
98 638 1 1024
98 216 1 1024
99 654 1 1024
99 664 1 1024
100 530 1 1024
100 408 1 1024
101 241 1 1024
101 123 1 1024
102 241 1 1024
103 320 1 1024
103 241 1 1024
104 105 1 1024
104 107 1 1024
106 107 1 1024
108 109 1 1024
109 218 1 1024
110 111 1 1024
110 113 1 1024
111 303 1 1024
112 495 1 1024
112 113 1 1024
113 504 1 1024
114 117 1 1024
114 604 1 1024
115 119 1 1024
115 495 1 1024
116 416 1 1024
116 117 1 1024
116 119 1 1024
118 497 1 1024
118 119 1 1024
119 502 1 1024
119 418 1 1024
120 352 1 1024
120 171 1 1024
121 243 1 1024
121 123 1 1024
122 124 1 1024
122 126 1 1024
124 350 1 1024
125 643 1 1024
125 647 1 1024
126 353 1 1024
127 439 1 1024
127 488 1 1024
128 305 1 1024
128 129 1 1024
129 307 1 1024
130 498 1 1024
130 413 1 1024
130 415 1 1024
131 412 1 1024
131 255 1 1024
132 222 1 1024
132 456 1 1024
132 457 1 1024
133 590 1 1024
133 334 1 1024
133 219 1 1024
133 593 1 1024
134 533 1 1024
134 361 1 1024
135 238 1 1024
135 239 1 1024
135 563 1 1024
136 493 1 1024
136 387 1 1024
137 138 1 1024
137 324 1 1024
137 240 1 1024
137 144 1 1024
138 139 1 1024
139 140 1 1024
139 607 1 1024
140 240 1 1024
140 291 1 1024
141 142 1 1024
142 143 1 1024
143 144 1 1024
145 146 1 1024
145 607 1 1024
147 148 1 1024
147 452 1 1024
148 182 1 1024
148 448 1 1024
148 555 1 1024
149 331 1 1024
149 547 1 1024
150 154 1 1024
150 151 1 1024
151 453 1 1024
151 152 1 1024
152 153 1 1024
153 154 1 1024
153 452 1 1024
155 157 1 1024
156 543 1 1024
156 661 1 1024
156 157 1 1024
158 159 1 1024
158 358 1 1024
159 309 1 1024
160 161 1 1024
160 263 1 1024
161 558 1 1024
162 610 1 1024
162 163 1 1024
163 164 1 1024
164 165 1 1024
165 166 1 1024
165 290 1 1024
165 291 1 1024
166 167 1 1024
167 645 1 1024
167 168 1 1024
168 266 1 1024
169 314 1 1024
169 333 1 1024
169 170 1 1024
170 175 1 1024
171 354 1 1024
171 172 1 1024
172 173 1 1024
173 174 1 1024
174 316 1 1024
175 318 1 1024
176 514 1 1024
176 548 1 1024
177 357 1 1024
177 180 1 1024
177 225 1 1024
177 263 1 1024
177 227 1 1024
178 349 1 1024
178 661 1 1024
178 602 1 1024
178 180 1 1024
179 537 1 1024
179 375 1 1024
179 335 1 1024
181 462 1 1024
181 463 1 1024
181 460 1 1024
182 370 1 1024
182 185 1 1024
183 370 1 1024
183 555 1 1024
183 188 1 1024
184 370 1 1024
184 185 1 1024
186 370 1 1024
186 187 1 1024
186 189 1 1024
187 657 1 1024
188 190 1 1024
188 189 1 1024
189 190 1 1024
189 191 1 1024
192 229 1 1024
192 230 1 1024
192 340 1 1024
194 195 1 1024
194 541 1 1024
195 203 1 1024
196 564 1 1024
197 198 1 1024
197 200 1 1024
198 467 1 1024
199 200 1 1024
199 311 1 1024
201 202 1 1024
201 467 1 1024
203 204 1 1024
204 467 1 1024
205 206 1 1024
207 210 1 1024
208 212 1 1024
209 215 1 1024
209 212 1 1024
210 356 1 1024
211 639 1 1024
212 639 1 1024
213 639 1 1024
213 578 1 1024
214 582 1 1024
214 355 1 1024
214 356 1 1024
214 215 1 1024
214 274 1 1024
214 581 1 1024
216 461 1 1024
217 675 1 1024
217 663 1 1024
217 220 1 1024
218 219 1 1024
219 576 1 1024
220 461 1 1024
221 454 1 1024
221 223 1 1024
221 224 1 1024
222 566 1 1024
223 461 1 1024
224 227 1 1024
226 587 1 1024
226 510 1 1024
228 370 1 1024
228 377 1 1024
229 340 1 1024
230 233 1 1024
231 609 1 1024
231 232 1 1024
232 616 1 1024
233 538 1 1024
234 235 1 1024
234 236 1 1024
235 616 1 1024
236 264 1 1024
237 553 1 1024
237 556 1 1024
238 284 1 1024
239 312 1 1024
239 490 1 1024
240 322 1 1024
242 243 1 1024
242 249 1 1024
244 538 1 1024
244 246 1 1024
245 336 1 1024
245 588 1 1024
245 589 1 1024
246 540 1 1024
246 534 1 1024
247 540 1 1024
248 426 1 1024
248 249 1 1024
250 481 1 1024
251 476 1 1024
251 670 1 1024
252 259 1 1024
252 253 1 1024
253 374 1 1024
254 260 1 1024
254 255 1 1024
256 315 1 1024
256 580 1 1024
257 315 1 1024
258 259 1 1024
258 261 1 1024
260 261 1 1024
262 487 1 1024
262 387 1 1024
262 388 1 1024
264 267 1 1024
265 267 1 1024
265 444 1 1024
266 445 1 1024
267 613 1 1024
267 445 1 1024
268 570 1 1024
268 340 1 1024
269 270 1 1024
269 596 1 1024
270 274 1 1024
271 618 1 1024
271 620 1 1024
272 273 1 1024
272 275 1 1024
273 545 1 1024
275 277 1 1024
276 277 1 1024
276 494 1 1024
277 494 1 1024
278 545 1 1024
278 279 1 1024
279 494 1 1024
280 464 1 1024
281 566 1 1024
281 288 1 1024
282 285 1 1024
282 283 1 1024
283 481 1 1024
284 314 1 1024
284 287 1 1024
285 386 1 1024
286 293 1 1024
286 287 1 1024
286 288 1 1024
287 289 1 1024
287 312 1 1024
290 513 1 1024
292 638 1 1024
292 626 1 1024
293 411 1 1024
293 563 1 1024
294 295 1 1024
294 389 1 1024
295 307 1 1024
296 439 1 1024
296 297 1 1024
297 298 1 1024
298 299 1 1024
299 300 1 1024
299 466 1 1024
300 301 1 1024
301 480 1 1024
302 495 1 1024
302 305 1 1024
303 305 1 1024
304 605 1 1024
304 306 1 1024
305 605 1 1024
306 604 1 1024
308 604 1 1024
308 360 1 1024
309 661 1 1024
309 657 1 1024
313 641 1 1024
315 424 1 1024
316 514 1 1024
317 330 1 1024
317 329 1 1024
319 630 1 1024
319 606 1 1024
321 322 1 1024
321 324 1 1024
323 326 1 1024
323 579 1 1024
324 611 1 1024
324 328 1 1024
325 330 1 1024
325 326 1 1024
327 330 1 1024
327 328 1 1024
328 612 1 1024
331 332 1 1024
332 337 1 1024
333 651 1 1024
334 667 1 1024
335 654 1 1024
336 337 1 1024
337 338 1 1024
338 569 1 1024
338 339 1 1024
339 569 1 1024
341 344 1 1024
342 343 1 1024
343 346 1 1024
344 346 1 1024
345 366 1 1024
345 348 1 1024
346 366 1 1024
347 348 1 1024
347 643 1 1024
349 358 1 1024
350 516 1 1024
351 354 1 1024
351 519 1 1024
351 520 1 1024
352 353 1 1024
355 633 1 1024
355 635 1 1024
356 633 1 1024
357 508 1 1024
357 659 1 1024
358 660 1 1024
359 432 1 1024
359 360 1 1024
360 621 1 1024
362 363 1 1024
363 394 1 1024
364 365 1 1024
364 496 1 1024
365 398 1 1024
366 367 1 1024
366 666 1 1024
367 376 1 1024
368 371 1 1024
368 369 1 1024
369 375 1 1024
370 373 1 1024
371 666 1 1024
372 575 1 1024
372 618 1 1024
373 455 1 1024
376 551 1 1024
377 378 1 1024
378 670 1 1024
379 380 1 1024
379 382 1 1024
380 385 1 1024
381 642 1 1024
381 382 1 1024
383 386 1 1024
383 388 1 1024
384 386 1 1024
384 388 1 1024
385 386 1 1024
387 388 1 1024
388 668 1 1024
389 390 1 1024
389 391 1 1024
390 482 1 1024
391 392 1 1024
392 393 1 1024
392 396 1 1024
393 395 1 1024
394 584 1 1024
394 395 1 1024
394 397 1 1024
396 606 1 1024
397 606 1 1024
398 401 1 1024
398 400 1 1024
399 400 1 1024
401 402 1 1024
402 403 1 1024
403 404 1 1024
404 405 1 1024
405 406 1 1024
406 407 1 1024
408 509 1 1024
408 409 1 1024
409 509 1 1024
410 632 1 1024
410 603 1 1024
410 629 1 1024
411 490 1 1024
411 492 1 1024
412 415 1 1024
413 418 1 1024
414 424 1 1024
414 603 1 1024
414 580 1 1024
416 419 1 1024
417 434 1 1024
417 435 1 1024
418 419 1 1024
419 627 1 1024
420 421 1 1024
420 423 1 1024
421 573 1 1024
422 425 1 1024
422 423 1 1024
424 534 1 1024
424 580 1 1024
425 427 1 1024
425 579 1 1024
426 427 1 1024
428 435 1 1024
428 429 1 1024
428 430 1 1024
429 437 1 1024
430 632 1 1024
431 632 1 1024
431 436 1 1024
432 433 1 1024
433 434 1 1024
436 631 1 1024
437 634 1 1024
437 628 1 1024
438 440 1 1024
438 443 1 1024
440 443 1 1024
442 443 1 1024
442 444 1 1024
444 445 1 1024
446 455 1 1024
446 658 1 1024
447 657 1 1024
447 473 1 1024
448 554 1 1024
448 449 1 1024
449 450 1 1024
450 451 1 1024
451 452 1 1024
454 455 1 1024
454 473 1 1024
456 459 1 1024
457 566 1 1024
457 458 1 1024
458 461 1 1024
458 463 1 1024
458 459 1 1024
460 461 1 1024
462 465 1 1024
464 465 1 1024
466 467 1 1024
468 557 1 1024
469 601 1 1024
469 480 1 1024
470 475 1 1024
470 672 1 1024
471 600 1 1024
471 475 1 1024
472 626 1 1024
472 592 1 1024
473 665 1 1024
474 600 1 1024
474 626 1 1024
476 638 1 1024
476 477 1 1024
477 591 1 1024
478 485 1 1024
478 488 1 1024
479 485 1 1024
479 480 1 1024
482 483 1 1024
483 484 1 1024
483 489 1 1024
484 485 1 1024
486 492 1 1024
488 489 1 1024
492 493 1 1024
496 531 1 1024
496 527 1 1024
497 498 1 1024
498 499 1 1024
498 500 1 1024
498 501 1 1024
499 500 1 1024
499 506 1 1024
502 503 1 1024
503 505 1 1024
504 505 1 1024
504 506 1 1024
506 606 1 1024
508 659 1 1024
510 676 1 1024
511 542 1 1024
512 513 1 1024
514 537 1 1024
515 516 1 1024
515 518 1 1024
516 521 1 1024
516 524 1 1024
517 518 1 1024
517 520 1 1024
519 522 1 1024
521 522 1 1024
521 525 1 1024
523 644 1 1024
523 640 1 1024
523 641 1 1024
525 608 1 1024
526 647 1 1024
526 664 1 1024
527 532 1 1024
527 528 1 1024
528 532 1 1024
529 577 1 1024
529 532 1 1024
530 536 1 1024
530 539 1 1024
531 552 1 1024
531 571 1 1024
532 552 1 1024
532 533 1 1024
534 535 1 1024
535 536 1 1024
536 572 1 1024
538 539 1 1024
539 572 1 1024
541 542 1 1024
544 558 1 1024
544 545 1 1024
545 546 1 1024
547 595 1 1024
547 588 1 1024
548 549 1 1024
549 550 1 1024
550 551 1 1024
553 554 1 1024
555 556 1 1024
557 602 1 1024
559 560 1 1024
559 568 1 1024
560 561 1 1024
561 562 1 1024
564 565 1 1024
565 566 1 1024
567 568 1 1024
569 667 1 1024
573 575 1 1024
574 594 1 1024
574 595 1 1024
576 592 1 1024
576 593 1 1024
577 585 1 1024
578 599 1 1024
580 631 1 1024
581 585 1 1024
582 583 1 1024
583 584 1 1024
586 635 1 1024
586 623 1 1024
589 594 1 1024
589 590 1 1024
590 591 1 1024
596 597 1 1024
597 598 1 1024
598 599 1 1024
606 624 1 1024
607 608 1 1024
609 610 1 1024
610 613 1 1024
611 612 1 1024
612 616 1 1024
613 614 1 1024
614 615 1 1024
615 616 1 1024
617 619 1 1024
617 620 1 1024
619 622 1 1024
621 622 1 1024
623 637 1 1024
624 637 1 1024
625 630 1 1024
625 637 1 1024
626 672 1 1024
627 628 1 1024
627 634 1 1024
628 629 1 1024
635 636 1 1024
636 637 1 1024
638 671 1 1024
638 665 1 1024
640 647 1 1024
642 669 1 1024
643 648 1 1024
644 647 1 1024
645 646 1 1024
646 647 1 1024
647 648 1 1024
647 653 1 1024
649 652 1 1024
649 650 1 1024
651 652 1 1024
655 660 1 1024
655 662 1 1024
655 656 1 1024
655 659 1 1024
656 657 1 1024
656 658 1 1024
657 662 1 1024
663 675 1 1024
668 679 1 1024
668 677 1 1024
669 680 1 1024
671 672 1 1024
672 673 1 1024
674 675 1 1024
676 678 1 1024
679 680 1 1024
