136 177
1 8 1 1024
1 10 1 1024
2 86 1 1024
2 119 1 1024
3 4 1 1024
3 5 1 1024
4 46 1 1024
5 8 1 1024
5 6 1 1024
6 7 1 1024
7 9 1 1024
9 18 1 1024
9 19 1 1024
10 13 1 1024
11 16 1 1024
11 17 1 1024
11 12 1 1024
11 30 1 1024
12 13 1 1024
12 29 1 1024
14 34 1 1024
14 29 1 1024
15 18 1 1024
15 19 1 1024
15 66 1 1024
16 17 1 1024
19 113 1 1024
20 26 1 1024
20 48 1 1024
20 21 1 1024
21 25 1 1024
22 23 1 1024
22 36 1 1024
22 28 1 1024
23 25 1 1024
23 50 1 1024
24 25 1 1024
24 27 1 1024
24 71 1 1024
25 28 1 1024
25 79 1 1024
26 76 1 1024
27 76 1 1024
30 33 1 1024
31 122 1 1024
31 123 1 1024
31 124 1 1024
31 111 1 1024
32 111 1 1024
32 37 1 1024
33 56 1 1024
34 63 1 1024
35 36 1 1024
35 38 1 1024
36 69 1 1024
36 112 1 1024
37 38 1 1024
39 40 1 1024
39 135 1 1024
39 44 1 1024
40 43 1 1024
41 132 1 1024
41 103 1 1024
42 45 1 1024
42 117 1 1024
43 121 1 1024
43 44 1 1024
43 116 1 1024
43 117 1 1024
44 102 1 1024
45 46 1 1024
47 129 1 1024
47 54 1 1024
48 125 1 1024
48 126 1 1024
48 65 1 1024
48 49 1 1024
48 51 1 1024
49 54 1 1024
50 65 1 1024
50 112 1 1024
51 69 1 1024
52 53 1 1024
52 55 1 1024
52 74 1 1024
53 76 1 1024
54 55 1 1024
56 66 1 1024
56 57 1 1024
56 64 1 1024
57 58 1 1024
58 60 1 1024
58 59 1 1024
59 75 1 1024
60 61 1 1024
61 93 1 1024
62 93 1 1024
62 82 1 1024
63 64 1 1024
64 74 1 1024
65 112 1 1024
66 67 1 1024
66 90 1 1024
67 68 1 1024
68 114 1 1024
68 91 1 1024
70 92 1 1024
70 77 1 1024
71 92 1 1024
71 94 1 1024
71 72 1 1024
72 73 1 1024
72 97 1 1024
73 79 1 1024
73 80 1 1024
75 76 1 1024
76 77 1 1024
78 134 1 1024
78 81 1 1024
79 80 1 1024
81 102 1 1024
82 83 1 1024
82 90 1 1024
83 90 1 1024
83 88 1 1024
83 89 1 1024
84 85 1 1024
84 87 1 1024
85 86 1 1024
86 87 1 1024
86 89 1 1024
86 100 1 1024
88 114 1 1024
89 119 1 1024
90 91 1 1024
90 114 1 1024
92 93 1 1024
93 95 1 1024
93 99 1 1024
94 95 1 1024
94 97 1 1024
96 99 1 1024
96 97 1 1024
98 99 1 1024
98 101 1 1024
100 101 1 1024
103 134 1 1024
104 110 1 1024
104 105 1 1024
105 106 1 1024
106 111 1 1024
107 136 1 1024
107 122 1 1024
107 108 1 1024
107 109 1 1024
108 109 1 1024
109 110 1 1024
113 114 1 1024
113 115 1 1024
114 118 1 1024
115 116 1 1024
118 120 1 1024
119 121 1 1024
119 120 1 1024
120 121 1 1024
122 123 1 1024
122 136 1 1024
123 127 1 1024
124 125 1 1024
126 129 1 1024
127 128 1 1024
128 129 1 1024
130 131 1 1024
130 132 1 1024
131 133 1 1024
133 134 1 1024
134 135 1 1024
