135 166
1 74 1 1024
1 90 1 1024
2 3 1 1024
2 118 1 1024
3 4 1 1024
3 5 1 1024
4 43 1 1024
5 6 1 1024
6 135 1 1024
7 8 1 1024
7 9 1 1024
7 96 1 1024
7 74 1 1024
7 106 1 1024
8 9 1 1024
9 21 1 1024
9 75 1 1024
10 18 1 1024
10 11 1 1024
10 13 1 1024
11 16 1 1024
11 18 1 1024
12 13 1 1024
12 28 1 1024
14 17 1 1024
14 15 1 1024
15 18 1 1024
16 17 1 1024
18 19 1 1024
18 59 1 1024
19 94 1 1024
20 21 1 1024
20 66 1 1024
22 26 1 1024
22 27 1 1024
22 23 1 1024
23 27 1 1024
24 25 1 1024
24 106 1 1024
25 85 1 1024
26 46 1 1024
28 73 1 1024
28 117 1 1024
29 32 1 1024
29 73 1 1024
30 31 1 1024
30 33 1 1024
31 32 1 1024
31 34 1 1024
31 37 1 1024
32 73 1 1024
33 103 1 1024
34 35 1 1024
35 72 1 1024
36 72 1 1024
36 37 1 1024
38 39 1 1024
38 41 1 1024
39 40 1 1024
40 41 1 1024
41 42 1 1024
41 123 1 1024
42 43 1 1024
44 135 1 1024
44 121 1 1024
45 49 1 1024
45 110 1 1024
45 111 1 1024
46 47 1 1024
47 50 1 1024
47 72 1 1024
48 49 1 1024
48 51 1 1024
49 114 1 1024
49 109 1 1024
50 51 1 1024
52 131 1 1024
52 133 1 1024
53 133 1 1024
53 128 1 1024
54 67 1 1024
54 68 1 1024
55 56 1 1024
55 68 1 1024
56 57 1 1024
57 112 1 1024
58 101 1 1024
58 79 1 1024
59 93 1 1024
60 65 1 1024
60 66 1 1024
61 62 1 1024
61 63 1 1024
61 65 1 1024
62 63 1 1024
64 80 1 1024
64 98 1 1024
65 80 1 1024
66 121 1 1024
66 129 1 1024
66 130 1 1024
67 107 1 1024
67 113 1 1024
69 70 1 1024
69 75 1 1024
70 90 1 1024
71 91 1 1024
71 92 1 1024
71 96 1 1024
75 119 1 1024
76 77 1 1024
76 82 1 1024
77 102 1 1024
78 86 1 1024
78 79 1 1024
79 85 1 1024
79 104 1 1024
80 81 1 1024
81 82 1 1024
82 83 1 1024
83 97 1 1024
84 107 1 1024
84 112 1 1024
85 86 1 1024
87 88 1 1024
87 105 1 1024
88 95 1 1024
89 92 1 1024
89 90 1 1024
90 119 1 1024
91 94 1 1024
93 94 1 1024
93 95 1 1024
93 96 1 1024
97 100 1 1024
97 98 1 1024
99 100 1 1024
99 102 1 1024
101 104 1 1024
103 104 1 1024
103 105 1 1024
105 106 1 1024
108 115 1 1024
108 110 1 1024
109 115 1 1024
110 117 1 1024
111 116 1 1024
113 114 1 1024
113 115 1 1024
114 115 1 1024
116 117 1 1024
118 119 1 1024
119 124 1 1024
120 122 1 1024
120 123 1 1024
120 127 1 1024
121 122 1 1024
124 125 1 1024
125 126 1 1024
126 127 1 1024
128 130 1 1024
128 132 1 1024
128 129 1 1024
131 132 1 1024
133 134 1 1024
134 135 1 1024
