88 92
1 29 1 1024
1 38 1 1024
2 29 1 1024
2 30 1 1024
3 4 1 1024
3 75 1 1024
4 5 1 1024
5 6 1 1024
6 7 1 1024
7 8 1 1024
8 12 1 1024
9 10 1 1024
9 12 1 1024
10 38 1 1024
11 12 1 1024
11 59 1 1024
13 61 1 1024
13 62 1 1024
14 28 1 1024
14 74 1 1024
15 49 1 1024
15 67 1 1024
16 24 1 1024
16 48 1 1024
17 61 1 1024
17 64 1 1024
18 57 1 1024
18 58 1 1024
19 20 1 1024
19 22 1 1024
20 43 1 1024
21 80 1 1024
21 22 1 1024
23 24 1 1024
23 26 1 1024
23 27 1 1024
25 44 1 1024
25 76 1 1024
26 44 1 1024
27 48 1 1024
28 48 1 1024
30 31 1 1024
31 52 1 1024
32 79 1 1024
32 80 1 1024
33 79 1 1024
33 88 1 1024
33 52 1 1024
34 88 1 1024
34 36 1 1024
35 87 1 1024
35 36 1 1024
37 43 1 1024
37 76 1 1024
39 46 1 1024
39 40 1 1024
40 71 1 1024
41 72 1 1024
41 73 1 1024
42 47 1 1024
42 73 1 1024
42 82 1 1024
43 70 1 1024
43 75 1 1024
44 45 1 1024
45 77 1 1024
46 78 1 1024
47 74 1 1024
49 50 1 1024
50 57 1 1024
51 69 1 1024
51 54 1 1024
53 54 1 1024
53 56 1 1024
55 56 1 1024
55 58 1 1024
59 62 1 1024
60 83 1 1024
60 84 1 1024
63 64 1 1024
63 66 1 1024
65 66 1 1024
65 68 1 1024
67 68 1 1024
69 70 1 1024
71 72 1 1024
77 78 1 1024
81 82 1 1024
81 83 1 1024
84 85 1 1024
85 86 1 1024
86 87 1 1024
